solutions[0] = {
{4,5,6,1,3,7,2}
{5,6,7,2,4,1,3}
{3,4,5,7,2,6,1}
{1,2,3,5,7,4,6}
{2,3,4,6,1,5,7}
{6,7,1,3,5,2,4}
{7,1,2,4,6,3,5}
}
clues[0] = {4,3,4,5,5,2,1,1,2,4,3,2,4,2,3,3,1,2,3,3,2,4,1,3,3,2,3,4}
solutions[1] = {
{2,7,6,4,5,1,3}
{3,1,7,5,6,2,4}
{4,2,1,6,7,3,5}
{5,3,2,7,1,4,6}
{7,5,4,2,3,6,1}
{6,4,3,1,2,5,7}
{1,6,5,3,4,7,2}
}
clues[1] = {2,2,3,2,1,2,3,3,2,2,2,2,1,2,2,1,3,2,2,3,4,5,6,3,4,2,1,5}
solutions[2] = {
{1,2,3,6,5,7,4}
{7,1,2,5,4,6,3}
{4,5,6,2,1,3,7}
{5,6,7,3,2,4,1}
{6,7,1,4,3,5,2}
{3,4,5,1,7,2,6}
{2,3,4,7,6,1,5}
}
clues[2] = {5,1,4,3,2,4,4,4,3,3,1,2,5,3,3,2,3,3,1,3,2,2,1,2,2,3,4,2}
solutions[3] = {
{6,5,7,1,2,3,4}
{7,6,1,2,3,4,5}
{1,7,2,3,4,5,6}
{3,2,4,5,6,7,1}
{2,1,3,4,5,6,7}
{4,3,5,6,7,1,2}
{5,4,6,7,1,2,3}
}
clues[3] = {2,1,2,5,6,4,3,2,2,2,1,2,3,2,2,2,1,2,2,3,2,4,4,5,6,1,3,2}
solutions[4] = {
{2,3,6,1,7,5,4}
{4,5,1,3,2,7,6}
{3,4,7,2,1,6,5}
{1,2,5,7,6,4,3}
{7,1,4,6,5,3,2}
{5,6,2,4,3,1,7}
{6,7,3,5,4,2,1}
}
clues[4] = {4,3,3,4,1,3,2,2,1,4,3,4,5,2,5,1,5,4,3,2,3,3,2,1,3,2,4,3}
solutions[5] = {
{3,1,2,7,6,4,5}
{2,7,1,6,5,3,4}
{5,3,4,2,1,6,7}
{6,4,5,3,2,7,1}
{4,2,3,1,7,5,6}
{7,5,6,4,3,1,2}
{1,6,7,5,4,2,3}
}
clues[5] = {2,2,3,2,2,1,3,2,2,1,3,2,3,3,4,5,2,2,1,4,3,2,3,2,1,5,2,4}
solutions[6] = {
{5,7,2,3,4,1,6}
{1,3,5,6,7,4,2}
{2,4,6,7,1,5,3}
{3,5,7,1,2,6,4}
{4,6,1,2,3,7,5}
{6,1,3,4,5,2,7}
{7,2,4,5,6,3,1}
}
clues[6] = {2,5,4,3,3,2,1,1,3,2,2,2,2,2,4,1,2,3,3,3,2,2,5,2,3,4,1,3}
solutions[7] = {
{4,3,5,2,1,6,7}
{5,4,6,3,2,7,1}
{7,6,1,5,4,2,3}
{1,7,2,6,5,3,4}
{6,5,7,4,3,1,2}
{3,2,4,1,7,5,6}
{2,1,3,7,6,4,5}
}
clues[7] = {4,3,1,2,2,3,3,4,4,3,1,2,3,3,3,2,4,4,5,2,1,1,2,5,5,3,4,3}
solutions[8] = {
{5,7,6,1,2,3,4}
{6,1,7,2,3,4,5}
{3,5,4,6,7,1,2}
{1,3,2,4,5,6,7}
{7,2,1,3,4,5,6}
{2,4,3,5,6,7,1}
{4,6,5,7,1,2,3}
}
clues[8] = {2,2,4,6,1,5,3,2,2,2,1,3,2,3,2,2,2,1,2,2,3,3,4,3,4,2,1,3}
solutions[9] = {
{3,2,7,1,6,4,5}
{7,6,4,5,3,1,2}
{2,1,6,7,5,3,4}
{1,7,5,6,4,2,3}
{6,5,3,4,2,7,1}
{5,4,2,3,1,6,7}
{4,3,1,2,7,5,6}
}
clues[9] = {2,1,3,2,2,3,2,4,4,6,5,1,3,2,2,1,2,4,3,5,3,2,2,2,3,1,3,2}
solutions[10] = {
{7,1,2,6,5,4,3}
{1,2,3,7,6,5,4}
{4,5,6,3,2,1,7}
{6,7,1,5,4,3,2}
{5,6,7,4,3,2,1}
{2,3,4,1,7,6,5}
{3,4,5,2,1,7,6}
}
clues[10] = {1,4,4,2,3,4,4,4,3,2,4,2,1,2,2,3,5,5,1,4,5,3,4,3,2,4,4,1}
solutions[11] = {
{3,7,2,1,6,5,4}
{4,1,3,2,7,6,5}
{1,5,7,6,4,3,2}
{2,6,1,7,5,4,3}
{7,4,6,5,3,2,1}
{5,2,4,3,1,7,6}
{6,3,5,4,2,1,7}
}
clues[11] = {2,2,3,3,1,2,2,2,4,3,3,4,2,1,1,2,6,4,5,3,4,4,3,2,4,3,1,3}
solutions[12] = {
{3,5,2,4,6,7,1}
{4,6,3,5,7,1,2}
{7,2,6,1,3,4,5}
{6,1,5,7,2,3,4}
{5,7,4,6,1,2,3}
{2,4,1,3,5,6,7}
{1,3,7,2,4,5,6}
}
clues[12] = {4,3,1,2,2,5,3,5,3,1,4,3,3,2,2,1,3,2,3,2,2,4,1,2,3,4,3,3}
solutions[13] = {
{2,3,7,1,6,5,4}
{3,4,1,2,7,6,5}
{4,5,2,3,1,7,6}
{1,2,6,7,5,4,3}
{7,1,5,6,4,3,2}
{6,7,4,5,3,2,1}
{5,6,3,4,2,1,7}
}
clues[13] = {3,3,3,4,1,2,3,3,2,5,4,5,5,1,1,5,5,4,2,3,4,4,3,2,4,1,4,4}
solutions[14] = {
{2,3,4,6,5,7,1}
{3,4,5,7,6,1,2}
{4,5,6,1,7,2,3}
{5,6,7,2,1,3,4}
{7,1,2,4,3,5,6}
{6,7,1,3,2,4,5}
{1,2,3,5,4,6,7}
}
clues[14] = {5,4,4,3,1,2,6,3,2,2,2,2,2,1,1,2,2,2,2,3,2,6,1,3,2,4,5,5}
solutions[15] = {
{6,4,2,1,3,5,7}
{5,3,1,7,2,4,6}
{7,5,3,2,4,6,1}
{1,6,4,3,5,7,2}
{2,7,5,4,6,1,3}
{3,1,6,5,7,2,4}
{4,2,7,6,1,3,5}
}
clues[15] = {2,2,1,3,2,3,2,2,2,1,2,2,2,3,3,2,3,2,3,2,1,1,3,5,2,6,4,2}
solutions[16] = {
{4,3,2,1,7,6,5}
{5,4,3,2,1,7,6}
{3,2,1,7,6,5,4}
{6,5,4,3,2,1,7}
{2,1,7,6,5,4,3}
{1,7,6,5,4,3,2}
{7,6,5,4,3,2,1}
}
clues[16] = {2,2,2,2,2,2,1,1,2,3,4,5,5,4,7,6,5,1,4,2,3,3,2,1,3,4,4,4}
solutions[17] = {
{5,3,4,7,6,1,2}
{3,1,2,5,4,6,7}
{2,7,1,4,3,5,6}
{7,5,6,2,1,3,4}
{6,4,5,1,7,2,3}
{1,6,7,3,2,4,5}
{4,2,3,6,5,7,1}
}
clues[17] = {2,4,2,1,2,3,3,3,3,2,2,2,1,4,2,2,2,3,2,1,3,2,3,2,1,3,2,2}
solutions[18] = {
{3,1,5,4,2,6,7}
{4,2,6,5,3,7,1}
{5,3,7,6,4,1,2}
{6,4,1,7,5,2,3}
{7,5,2,1,6,3,4}
{2,7,4,3,1,5,6}
{1,6,3,2,7,4,5}
}
clues[18] = {4,3,2,2,1,2,3,3,2,3,3,1,3,3,2,2,3,3,4,2,1,1,2,6,4,3,6,5}
solutions[19] = {
{1,7,6,3,4,5,2}
{7,6,5,2,3,4,1}
{5,4,3,7,1,2,6}
{2,1,7,4,5,6,3}
{6,5,4,1,2,3,7}
{4,3,2,6,7,1,5}
{3,2,1,5,6,7,4}
}
clues[19] = {2,1,2,2,2,3,4,4,5,4,3,2,1,3,2,2,1,3,2,5,4,3,3,3,2,2,1,2}
solutions[20] = {
{6,3,5,1,2,7,4}
{7,4,6,2,3,1,5}
{1,5,7,3,4,2,6}
{2,6,1,4,5,3,7}
{4,1,3,6,7,5,2}
{3,7,2,5,6,4,1}
{5,2,4,7,1,6,3}
}
clues[20] = {2,1,3,3,3,2,2,2,2,2,1,3,2,2,3,4,3,1,2,3,2,4,1,5,6,3,5,2}
solutions[21] = {
{3,5,4,6,2,1,7}
{5,7,6,1,4,3,2}
{7,2,1,3,6,5,4}
{6,1,7,2,5,4,3}
{1,3,2,4,7,6,5}
{2,4,3,5,1,7,6}
{4,6,5,7,3,2,1}
}
clues[21] = {4,2,1,2,4,4,3,3,2,2,1,2,2,3,4,2,3,4,4,5,1,1,5,4,2,3,2,3}
solutions[22] = {
{3,7,1,2,5,4,6}
{5,2,3,4,7,6,1}
{4,1,2,3,6,5,7}
{2,6,7,1,4,3,5}
{1,5,6,7,3,2,4}
{7,4,5,6,2,1,3}
{6,3,4,5,1,7,2}
}
clues[22] = {2,2,3,3,4,1,2,2,5,4,3,6,1,5,2,3,2,2,1,3,2,2,3,2,3,3,1,3}
solutions[23] = {
{1,4,2,7,5,3,6}
{2,5,3,1,6,4,7}
{7,3,1,6,4,2,5}
{6,2,7,5,3,1,4}
{5,1,6,4,2,7,3}
{4,7,5,3,1,6,2}
{3,6,4,2,7,5,1}
}
clues[23] = {3,4,1,2,3,2,3,5,2,4,6,1,3,6,3,3,2,3,3,1,2,2,3,3,1,3,3,3}
solutions[24] = {
{4,5,2,3,1,7,6}
{7,1,5,6,4,3,2}
{1,2,6,7,5,4,3}
{5,6,3,4,2,1,7}
{2,3,7,1,6,5,4}
{3,4,1,2,7,6,5}
{6,7,4,5,3,2,1}
}
clues[24] = {3,1,4,3,3,3,2,2,1,2,2,2,3,3,5,3,4,1,4,5,2,2,1,5,3,4,3,2}
solutions[25] = {
{5,6,3,7,4,1,2}
{2,3,7,4,1,5,6}
{4,5,2,6,3,7,1}
{3,4,1,5,2,6,7}
{1,2,6,3,7,4,5}
{7,1,5,2,6,3,4}
{6,7,4,1,5,2,3}
}
clues[25] = {3,3,4,5,4,1,2,2,1,4,6,3,5,4,3,3,2,1,2,2,3,3,3,2,1,2,2,2}
solutions[26] = {
{1,6,5,3,7,2,4}
{2,7,6,4,1,3,5}
{4,2,1,6,3,5,7}
{5,3,2,7,4,6,1}
{3,1,7,5,2,4,6}
{7,5,4,2,6,1,3}
{6,4,3,1,5,7,2}
}
clues[26] = {3,2,3,2,2,1,2,2,3,3,4,3,1,4,2,3,2,3,1,3,2,3,5,1,4,3,2,5}
solutions[27] = {
{7,6,4,1,3,2,5}
{2,1,6,3,5,4,7}
{3,2,7,4,6,5,1}
{5,4,2,6,1,7,3}
{6,5,3,7,2,1,4}
{4,3,1,5,7,6,2}
{1,7,5,2,4,3,6}
}
clues[27] = {1,3,2,3,2,3,2,4,1,2,3,2,3,2,2,3,2,2,4,1,3,2,4,4,5,3,2,1}
solutions[28] = {
{5,6,7,1,2,4,3}
{1,2,3,4,5,7,6}
{3,4,5,6,7,2,1}
{7,1,2,3,4,6,5}
{2,3,4,5,6,1,7}
{4,5,6,7,1,3,2}
{6,7,1,2,3,5,4}
}
clues[28] = {3,6,5,1,6,4,2,2,1,3,2,3,3,2,3,3,1,3,3,2,3,3,2,3,4,1,2,2}
solutions[29] = {
{2,6,5,7,1,4,3}
{4,1,7,2,3,6,5}
{6,3,2,4,5,1,7}
{5,2,1,3,4,7,6}
{7,4,3,5,6,2,1}
{1,5,4,6,7,3,2}
{3,7,6,1,2,5,4}
}
clues[29] = {3,2,2,2,1,4,2,2,1,2,3,2,2,3,4,3,4,2,1,3,3,3,3,5,1,2,2,4}
solutions[30] = {
{2,5,6,4,7,1,3}
{7,3,4,2,5,6,1}
{1,4,5,3,6,7,2}
{6,2,3,1,4,5,7}
{5,1,2,7,3,4,6}
{4,7,1,6,2,3,5}
{3,6,7,5,1,2,4}
}
clues[30] = {4,1,5,2,2,2,3,5,2,1,3,6,5,4,3,3,2,1,2,3,2,2,3,1,2,2,2,2}
solutions[31] = {
{2,1,7,5,4,3,6}
{3,2,1,6,5,4,7}
{6,5,4,2,1,7,3}
{1,7,6,4,3,2,5}
{7,6,5,3,2,1,4}
{4,3,2,7,6,5,1}
{5,4,3,1,7,6,2}
}
clues[31] = {2,3,2,2,1,2,2,2,3,4,2,1,2,4,3,4,4,3,2,1,2,2,3,4,3,1,4,4}
solutions[32] = {
{6,1,7,3,5,4,2}
{5,7,6,2,4,3,1}
{7,2,1,4,6,5,3}
{4,6,5,1,3,2,7}
{3,5,4,7,2,1,6}
{2,4,3,6,1,7,5}
{1,3,2,5,7,6,4}
}
clues[32] = {2,2,1,3,3,4,4,5,5,6,3,1,2,4,3,2,2,1,4,5,4,3,3,3,3,1,2,2}
solutions[33] = {
{2,5,4,3,1,7,6}
{1,4,3,2,7,6,5}
{3,6,5,4,2,1,7}
{7,3,2,1,6,5,4}
{4,7,6,5,3,2,1}
{5,1,7,6,4,3,2}
{6,2,1,7,5,4,3}
}
clues[33] = {3,3,3,1,2,2,2,2,2,2,1,3,4,3,4,5,6,4,1,3,2,2,1,2,5,4,3,3}
solutions[34] = {
{4,5,6,2,7,3,1}
{1,2,3,6,4,7,5}
{2,3,4,7,5,1,6}
{3,4,5,1,6,2,7}
{6,7,1,4,2,5,3}
{5,6,7,3,1,4,2}
{7,1,2,5,3,6,4}
}
clues[34] = {4,5,4,5,2,3,1,1,3,2,2,3,2,2,3,3,3,1,2,2,3,4,2,1,3,2,2,3}
solutions[35] = {
{5,6,7,1,3,4,2}
{7,1,2,3,5,6,4}
{1,2,3,4,6,7,5}
{2,3,4,5,7,1,6}
{6,7,1,2,4,5,3}
{3,4,5,6,1,2,7}
{4,5,6,7,2,3,1}
}
clues[35] = {3,1,6,5,2,5,4,3,2,2,1,3,3,2,3,1,3,2,2,3,3,5,3,4,6,1,2,2}
solutions[36] = {
{3,5,6,4,2,1,7}
{2,4,5,3,1,7,6}
{7,2,3,1,6,5,4}
{1,3,4,2,7,6,5}
{4,6,7,5,3,2,1}
{6,1,2,7,5,4,3}
{5,7,1,6,4,3,2}
}
clues[36] = {4,4,1,4,3,2,2,3,1,3,2,3,4,5,5,4,5,3,4,2,1,1,2,3,3,2,3,2}
solutions[37] = {
{3,2,1,7,4,6,5}
{5,4,3,2,6,1,7}
{1,7,6,5,2,4,3}
{4,3,2,1,5,7,6}
{2,1,7,6,3,5,4}
{7,6,5,4,1,3,2}
{6,5,4,3,7,2,1}
}
clues[37] = {2,3,2,3,2,1,2,2,3,3,4,1,4,5,3,6,4,2,5,1,3,2,2,3,1,4,3,3}
solutions[38] = {
{4,3,1,6,7,5,2}
{5,4,2,7,1,6,3}
{6,5,3,1,2,7,4}
{3,2,7,5,6,4,1}
{7,6,4,2,3,1,5}
{2,1,6,4,5,3,7}
{1,7,5,3,4,2,6}
}
clues[38] = {3,2,2,2,1,3,2,3,1,3,4,4,4,2,2,1,3,4,2,3,3,5,3,1,2,4,5,4}
solutions[39] = {
{5,4,3,1,7,6,2}
{4,3,2,7,6,5,1}
{6,5,4,2,1,7,3}
{2,1,7,5,4,3,6}
{3,2,1,6,5,4,7}
{1,7,6,4,3,2,5}
{7,6,5,3,2,1,4}
}
clues[39] = {2,2,2,2,3,2,1,1,2,3,4,5,4,3,4,3,1,2,2,4,3,4,2,1,2,3,3,3}
solutions[40] = {
{2,6,1,7,5,4,3}
{6,3,5,4,2,1,7}
{5,2,4,3,1,7,6}
{4,1,3,2,7,6,5}
{7,4,6,5,3,2,1}
{1,5,7,6,4,3,2}
{3,7,2,1,6,5,4}
}
clues[40] = {3,2,2,2,1,3,2,2,1,2,3,2,3,4,4,5,6,3,2,1,4,2,2,2,1,4,2,3}
solutions[41] = {
{5,6,7,1,3,2,4}
{4,5,6,7,2,1,3}
{1,2,3,4,6,5,7}
{6,7,1,2,4,3,5}
{3,4,5,6,1,7,2}
{2,3,4,5,7,6,1}
{7,1,2,3,5,4,6}
}
clues[41] = {3,4,6,2,5,5,1,1,4,5,4,2,3,2,2,3,2,2,1,2,2,2,3,3,2,1,2,3}
solutions[42] = {
{3,5,4,6,2,1,7}
{2,4,3,5,1,7,6}
{7,2,1,3,6,5,4}
{1,3,2,4,7,6,5}
{5,7,6,1,4,3,2}
{4,6,5,7,3,2,1}
{6,1,7,2,5,4,3}
}
clues[42] = {4,4,1,4,2,3,2,2,3,1,2,2,3,4,4,4,5,3,4,2,1,1,2,3,2,3,2,2}
solutions[43] = {
{2,7,1,5,3,4,6}
{3,1,2,6,4,5,7}
{7,5,6,3,1,2,4}
{1,6,7,4,2,3,5}
{6,4,5,2,7,1,3}
{5,3,4,1,6,7,2}
{4,2,3,7,5,6,1}
}
clues[43] = {2,3,1,3,2,3,2,4,5,4,1,3,2,5,3,2,2,2,3,1,2,2,3,3,3,4,1,3}
solutions[44] = {
{6,4,3,1,7,5,2}
{5,3,2,7,6,4,1}
{4,2,1,6,5,3,7}
{3,1,7,5,4,2,6}
{7,5,4,2,1,6,3}
{2,7,6,4,3,1,5}
{1,6,5,3,2,7,4}
}
clues[44] = {2,2,3,2,1,2,3,3,2,3,5,6,1,4,2,3,3,2,1,4,3,2,3,1,2,2,3,2}
solutions[45] = {
{7,5,6,3,2,4,1}
{1,6,7,4,3,5,2}
{6,4,5,2,1,3,7}
{4,2,3,7,6,1,5}
{5,3,4,1,7,2,6}
{3,1,2,6,5,7,4}
{2,7,1,5,4,6,3}
}
clues[45] = {1,3,2,2,2,3,2,5,1,5,3,3,2,4,3,2,2,3,1,3,4,3,3,4,3,2,3,1}
solutions[46] = {
{2,1,6,4,7,5,3}
{1,7,5,3,6,4,2}
{7,6,4,2,5,3,1}
{5,4,2,7,3,1,6}
{4,3,1,6,2,7,5}
{3,2,7,5,1,6,4}
{6,5,3,1,4,2,7}
}
clues[46] = {3,2,1,2,3,2,2,2,3,2,4,4,3,1,1,3,2,2,5,4,3,3,2,1,2,2,2,2}
solutions[47] = {
{2,4,6,5,1,7,3}
{1,3,5,4,7,6,2}
{6,1,3,2,5,4,7}
{5,7,2,1,4,3,6}
{7,2,4,3,6,5,1}
{4,6,1,7,3,2,5}
{3,5,7,6,2,1,4}
}
clues[47] = {4,4,2,2,1,3,3,3,3,1,2,4,5,4,3,2,4,2,1,3,2,2,1,2,2,2,2,3}
solutions[48] = {
{5,4,3,1,2,7,6}
{6,5,4,2,3,1,7}
{2,1,7,5,6,4,3}
{3,2,1,6,7,5,4}
{7,6,5,3,4,2,1}
{4,3,2,7,1,6,5}
{1,7,6,4,5,3,2}
}
clues[48] = {2,2,2,3,1,2,2,3,1,2,2,2,3,3,5,3,6,3,4,1,2,2,1,4,5,3,4,3}
solutions[49] = {
{4,5,7,6,2,3,1}
{3,4,6,5,1,2,7}
{2,3,5,4,7,1,6}
{7,1,3,2,5,6,4}
{1,2,4,3,6,7,5}
{6,7,2,1,4,5,3}
{5,6,1,7,3,4,2}
}
clues[49] = {3,4,4,1,5,2,3,3,2,6,1,4,3,5,3,3,2,3,2,1,4,2,3,2,2,1,2,2}
solutions[50] = {
{4,2,3,1,7,6,5}
{2,7,1,6,5,4,3}
{5,3,4,2,1,7,6}
{7,5,6,4,3,2,1}
{3,1,2,7,6,5,4}
{1,6,7,5,4,3,2}
{6,4,5,3,2,1,7}
}
clues[50] = {2,2,2,1,2,3,2,2,3,2,3,4,4,1,1,5,4,6,2,5,3,3,2,1,3,4,2,3}
solutions[51] = {
{3,6,7,4,1,2,5}
{1,4,5,2,6,7,3}
{2,5,6,3,7,1,4}
{7,3,4,1,5,6,2}
{6,2,3,7,4,5,1}
{5,1,2,6,3,4,7}
{4,7,1,5,2,3,6}
}
clues[51] = {3,5,4,1,2,3,2,4,1,6,3,5,5,2,2,1,3,3,2,2,2,2,2,3,2,1,2,2}
solutions[52] = {
{7,6,4,1,2,3,5}
{6,5,3,7,1,2,4}
{2,1,6,3,4,5,7}
{3,2,7,4,5,6,1}
{4,3,1,5,6,7,2}
{5,4,2,6,7,1,3}
{1,7,5,2,3,4,6}
}
clues[52] = {1,2,3,2,4,3,2,4,1,2,3,2,2,2,2,2,2,3,1,2,3,2,4,5,2,3,2,1}
solutions[53] = {
{7,1,2,6,5,3,4}
{6,7,1,5,4,2,3}
{5,6,7,4,3,1,2}
{4,5,6,3,2,7,1}
{1,2,3,7,6,4,5}
{3,4,5,2,1,6,7}
{2,3,4,1,7,5,6}
}
clues[53] = {1,2,3,4,4,5,4,6,5,4,3,1,3,2,2,1,3,2,4,4,4,3,2,3,2,2,2,1}
solutions[54] = {
{5,6,7,1,2,3,4}
{2,3,4,5,6,7,1}
{3,4,5,6,7,1,2}
{6,7,1,2,3,4,5}
{1,2,3,4,5,6,7}
{7,1,2,3,4,5,6}
{4,5,6,7,1,2,3}
}
clues[54] = {3,6,5,2,7,1,4,2,2,2,1,4,4,3,2,2,1,2,2,2,2,3,2,3,4,1,2,3}
solutions[55] = {
{7,6,5,3,1,4,2}
{3,2,1,6,4,7,5}
{4,3,2,7,5,1,6}
{6,5,4,2,7,3,1}
{5,4,3,1,6,2,7}
{2,1,7,5,3,6,4}
{1,7,6,4,2,5,3}
}
clues[55] = {1,3,2,2,3,2,2,5,1,2,3,4,3,3,4,3,1,3,2,2,5,4,2,4,3,2,2,1}
solutions[56] = {
{2,5,4,3,1,7,6}
{4,7,6,5,3,2,1}
{5,1,7,6,4,3,2}
{6,2,1,7,5,4,3}
{1,4,3,2,7,6,5}
{7,3,2,1,6,5,4}
{3,6,5,4,2,1,7}
}
clues[56] = {3,2,2,2,3,1,3,2,2,2,2,3,4,1,1,4,3,4,5,6,2,2,1,5,4,3,2,5}
solutions[57] = {
{6,2,7,3,1,5,4}
{5,1,6,2,7,4,3}
{4,7,5,1,6,3,2}
{3,6,4,7,5,2,1}
{2,5,3,6,4,1,7}
{1,4,2,5,3,7,6}
{7,3,1,4,2,6,5}
}
clues[57] = {2,3,2,3,4,4,1,1,5,7,4,6,2,3,3,2,1,4,4,3,3,2,2,2,2,1,2,2}
solutions[58] = {
{6,5,2,7,3,4,1}
{2,1,5,3,6,7,4}
{1,7,4,2,5,6,3}
{7,6,3,1,4,5,2}
{5,4,1,6,2,3,7}
{4,3,7,5,1,2,6}
{3,2,6,4,7,1,5}
}
clues[58] = {2,4,2,1,3,2,3,4,5,2,4,1,6,3,2,2,1,4,3,2,3,3,2,3,1,3,2,2}
solutions[59] = {
{2,3,5,4,6,7,1}
{5,6,1,7,2,3,4}
{4,5,7,6,1,2,3}
{3,4,6,5,7,1,2}
{6,7,2,1,3,4,5}
{1,2,4,3,5,6,7}
{7,1,3,2,4,5,6}
}
clues[59] = {5,3,3,4,2,6,1,1,3,4,5,3,3,2,2,1,2,2,3,2,2,4,1,2,2,2,3,4}
solutions[60] = {
{3,4,5,6,7,2,1}
{7,1,2,3,4,6,5}
{5,6,7,1,2,4,3}
{6,7,1,2,3,5,4}
{2,3,4,5,6,1,7}
{1,2,3,4,5,7,6}
{4,5,6,7,1,3,2}
}
clues[60] = {5,1,3,2,6,6,4,3,2,2,1,4,2,3,3,2,1,3,3,3,3,3,3,1,2,2,3,2}
solutions[61] = {
{2,3,4,7,5,6,1}
{6,7,1,4,2,3,5}
{3,4,5,1,6,7,2}
{5,6,7,3,1,2,4}
{4,5,6,2,7,1,3}
{7,1,2,5,3,4,6}
{1,2,3,6,4,5,7}
}
clues[61] = {4,2,5,3,4,1,5,2,4,3,2,2,2,1,1,2,2,2,2,2,3,4,2,3,1,3,2,3}
solutions[62] = {
{6,2,7,3,1,5,4}
{5,1,6,2,7,4,3}
{7,3,1,4,2,6,5}
{1,4,2,5,3,7,6}
{2,5,3,6,4,1,7}
{3,6,4,7,5,2,1}
{4,7,5,1,6,3,2}
}
clues[62] = {2,3,1,4,4,3,2,2,1,3,2,2,2,2,4,4,1,2,3,3,3,4,3,2,5,1,6,2}
solutions[63] = {
{4,6,7,2,3,5,1}
{5,7,1,3,4,6,2}
{6,1,2,4,5,7,3}
{7,2,3,5,6,1,4}
{3,5,6,1,2,4,7}
{1,3,4,6,7,2,5}
{2,4,5,7,1,3,6}
}
clues[63] = {3,2,2,1,4,5,4,3,3,3,1,2,3,2,2,2,1,3,2,3,3,5,3,5,6,1,2,4}
solutions[64] = {
{6,1,7,2,3,4,5}
{3,5,4,6,7,1,2}
{4,6,5,7,1,2,3}
{2,4,3,5,6,7,1}
{5,7,6,1,2,3,4}
{7,2,1,3,4,5,6}
{1,3,2,4,5,6,7}
}
clues[64] = {2,4,3,5,2,1,6,2,2,3,3,3,2,1,1,2,3,2,2,2,2,3,2,2,3,1,4,2}
solutions[65] = {
{3,4,2,5,1,7,6}
{7,1,6,2,5,4,3}
{1,2,7,3,6,5,4}
{4,5,3,6,2,1,7}
{2,3,1,4,7,6,5}
{6,7,5,1,4,3,2}
{5,6,4,7,3,2,1}
}
clues[65] = {4,1,3,4,4,2,3,3,2,3,1,3,4,4,4,5,3,1,4,5,2,2,1,4,3,3,3,2}
solutions[66] = {
{6,7,2,1,5,4,3}
{7,1,3,2,6,5,4}
{1,2,4,3,7,6,5}
{3,4,6,5,2,1,7}
{4,5,7,6,3,2,1}
{5,6,1,7,4,3,2}
{2,3,5,4,1,7,6}
}
clues[66] = {2,1,4,4,3,3,4,3,3,2,2,3,1,2,2,4,5,1,3,4,4,4,4,3,6,5,1,2}
solutions[67] = {
{4,2,1,3,6,5,7}
{5,3,2,4,7,6,1}
{2,7,6,1,4,3,5}
{1,6,5,7,3,2,4}
{3,1,7,2,5,4,6}
{7,5,4,6,2,1,3}
{6,4,3,5,1,7,2}
}
clues[67] = {3,2,2,3,2,1,2,2,4,3,3,4,1,4,2,3,2,2,3,3,1,1,3,2,3,4,3,3}
solutions[68] = {
{1,3,5,4,6,7,2}
{7,2,4,3,5,6,1}
{2,4,6,5,7,1,3}
{3,5,7,6,1,2,4}
{6,1,3,2,4,5,7}
{5,7,2,1,3,4,6}
{4,6,1,7,2,3,5}
}
clues[68] = {5,1,4,3,2,2,3,4,2,4,1,4,5,3,2,2,1,3,2,3,2,4,1,2,4,3,4,2}
solutions[69] = {
{3,2,4,6,5,7,1}
{5,4,6,1,7,2,3}
{6,5,7,2,1,3,4}
{1,7,2,4,3,5,6}
{7,6,1,3,2,4,5}
{2,1,3,5,4,6,7}
{4,3,5,7,6,1,2}
}
clues[69] = {4,3,2,2,1,5,3,2,3,2,1,2,3,2,3,1,3,2,2,2,2,5,1,2,2,3,4,4}
solutions[70] = {
{3,4,1,5,2,7,6}
{7,1,5,2,6,4,3}
{6,7,4,1,5,3,2}
{5,6,3,7,4,2,1}
{4,5,2,6,3,1,7}
{2,3,7,4,1,6,5}
{1,2,6,3,7,5,4}
}
clues[70] = {4,1,2,3,4,3,4,6,5,2,4,1,3,3,3,3,1,4,4,4,2,2,1,3,2,3,2,2}
solutions[71] = {
{1,3,2,4,5,6,7}
{4,6,5,7,1,2,3}
{3,5,4,6,7,1,2}
{7,2,1,3,4,5,6}
{6,1,7,2,3,4,5}
{2,4,3,5,6,7,1}
{5,7,6,1,2,3,4}
}
clues[71] = {6,3,4,1,2,5,2,3,1,2,4,3,2,4,3,2,2,2,2,2,1,1,2,2,2,3,3,3}
solutions[72] = {
{3,1,4,7,2,5,6}
{2,7,3,6,1,4,5}
{1,6,2,5,7,3,4}
{7,5,1,4,6,2,3}
{6,4,7,3,5,1,2}
{5,3,6,2,4,7,1}
{4,2,5,1,3,6,7}
}
clues[72] = {3,2,3,1,2,3,4,4,6,3,7,5,2,1,1,2,3,3,2,3,2,2,2,2,1,2,2,2}
solutions[73] = {
{1,4,7,6,3,2,5}
{2,5,1,7,4,3,6}
{3,6,2,1,5,4,7}
{4,7,3,2,6,5,1}
{6,2,5,4,1,7,3}
{7,3,6,5,2,1,4}
{5,1,4,3,7,6,2}
}
clues[73] = {3,3,3,2,2,1,2,2,3,3,3,1,2,3,3,4,2,4,1,2,3,3,5,5,2,1,4,6}
solutions[74] = {
{7,1,5,6,2,3,4}
{1,2,6,7,3,4,5}
{2,3,7,1,4,5,6}
{3,4,1,2,5,6,7}
{5,6,3,4,7,1,2}
{4,5,2,3,6,7,1}
{6,7,4,5,1,2,3}
}
clues[74] = {1,4,3,5,3,4,2,2,1,2,2,3,2,2,3,2,2,1,2,2,3,4,5,5,2,3,6,1}
solutions[75] = {
{4,3,5,7,6,1,2}
{1,7,2,4,3,5,6}
{3,2,4,6,5,7,1}
{2,1,3,5,4,6,7}
{6,5,7,2,1,3,4}
{7,6,1,3,2,4,5}
{5,4,6,1,7,2,3}
}
clues[75] = {3,2,4,5,2,1,3,2,3,2,5,1,4,3,2,3,2,1,2,2,3,3,3,2,1,2,2,3}
solutions[76] = {
{1,2,4,3,6,5,7}
{5,6,1,7,3,2,4}
{7,1,3,2,5,4,6}
{2,3,5,4,7,6,1}
{3,4,6,5,1,7,2}
{4,5,7,6,2,1,3}
{6,7,2,1,4,3,5}
}
clues[76] = {5,3,1,4,4,3,2,2,1,2,3,2,2,3,2,3,2,3,2,2,1,1,3,2,2,4,3,3}
solutions[77] = {
{3,2,1,7,6,5,4}
{7,6,5,4,3,2,1}
{4,3,2,1,7,6,5}
{2,1,7,6,5,4,3}
{1,7,6,5,4,3,2}
{6,5,4,3,2,1,7}
{5,4,3,2,1,7,6}
}
clues[77] = {2,1,2,2,2,2,2,3,3,4,5,5,1,2,2,1,6,5,3,7,4,3,3,2,1,3,3,2}
solutions[78] = {
{2,1,4,5,7,6,3}
{4,3,6,7,2,1,5}
{3,2,5,6,1,7,4}
{5,4,7,1,3,2,6}
{1,7,3,4,6,5,2}
{7,6,2,3,5,4,1}
{6,5,1,2,4,3,7}
}
clues[78] = {4,3,4,2,2,1,2,2,3,4,5,4,4,1,1,5,4,2,2,2,3,4,2,1,2,3,4,4}
solutions[79] = {
{1,5,4,3,6,7,2}
{5,2,1,7,3,4,6}
{7,4,3,2,5,6,1}
{6,3,2,1,4,5,7}
{4,1,7,6,2,3,5}
{3,7,6,5,1,2,4}
{2,6,5,4,7,1,3}
}
clues[79] = {4,2,1,2,2,2,3,5,2,3,4,1,6,4,2,4,3,1,3,2,2,3,1,2,2,2,2,3}
solutions[80] = {
{4,2,7,6,5,1,3}
{3,1,6,5,4,7,2}
{2,7,5,4,3,6,1}
{7,5,3,2,1,4,6}
{1,6,4,3,2,5,7}
{5,3,1,7,6,2,4}
{6,4,2,1,7,3,5}
}
clues[80] = {2,3,2,1,3,2,2,2,3,5,2,1,4,2,2,3,1,2,3,2,4,3,2,3,2,1,2,2}
solutions[81] = {
{3,4,5,6,1,2,7}
{1,2,3,4,6,7,5}
{6,7,1,2,4,5,3}
{7,1,2,3,5,6,4}
{4,5,6,7,2,3,1}
{2,3,4,5,7,1,6}
{5,6,7,1,3,4,2}
}
clues[81] = {5,6,2,1,4,5,3,2,2,1,3,2,3,3,3,2,3,3,3,2,1,1,2,3,2,3,2,3}
solutions[82] = {
{4,3,6,7,5,1,2}
{5,4,7,1,6,2,3}
{7,6,2,3,1,4,5}
{2,1,4,5,3,6,7}
{1,7,3,4,2,5,6}
{6,5,1,2,7,3,4}
{3,2,5,6,4,7,1}
}
clues[82] = {3,2,1,5,2,2,4,3,3,2,2,2,1,4,2,2,2,1,3,3,3,4,5,3,1,2,4,3}
solutions[83] = {
{5,7,3,6,4,2,1}
{4,6,2,5,3,1,7}
{3,5,1,4,2,7,6}
{1,3,6,2,7,5,4}
{6,1,4,7,5,3,2}
{2,4,7,3,1,6,5}
{7,2,5,1,6,4,3}
}
clues[83] = {2,3,3,4,2,3,1,1,5,2,3,2,3,4,4,3,4,3,2,1,5,2,2,2,2,3,1,3}
