solutions[0] = {
{6,1,7,2,3,4,5},
{3,5,4,6,7,1,2},
{7,2,1,3,4,5,6},
{1,3,2,4,5,6,7},
{4,6,5,7,1,2,3},
{5,7,6,1,2,3,4},
{2,4,3,5,6,7,1}}
clues[0] = {2,4,1,3,2,4,3,2,2,2,1,2,3,2,3,1,2,2,3,2,3,5,2,3,6,1,4,2}
cluesWithZeroes[0] = {0,4,0,0,2,0,0,2,2,2,0,2,3,0,0,0,2,2,0,0,0,5,0,0,6,1,0,0}
//GenerateTime[0]:222Ms(without Zero 56Ms); attempts:6
solutions[1] = {
{5,6,4,3,2,1,7},
{4,5,3,2,1,7,6},
{6,7,5,4,3,2,1},
{7,1,6,5,4,3,2},
{2,3,1,7,6,5,4},
{3,4,2,1,7,6,5},
{1,2,7,6,5,4,3}}
clues[1] = {3,2,4,4,5,2,1,1,2,6,6,4,3,5,4,3,2,2,1,3,3,3,3,3,1,2,3,3}
cluesWithZeroes[1] = {0,0,0,0,0,0,0,0,0,6,6,4,3,5,4,0,0,0,0,0,0,3,3,0,0,2,0,3}
//GenerateTime[1]:242Ms(without Zero 63Ms); attempts:16
solutions[2] = {
{5,6,7,1,4,2,3},
{7,1,2,3,6,4,5},
{4,5,6,7,3,1,2},
{3,4,5,6,2,7,1},
{2,3,4,5,1,6,7},
{1,2,3,4,7,5,6},
{6,7,1,2,5,3,4}}
clues[2] = {2,2,1,3,3,3,3,3,3,3,2,1,2,3,3,4,2,5,6,1,2,2,5,6,5,4,1,3}
cluesWithZeroes[2] = {0,0,0,0,0,0,0,0,0,0,0,0,0,0,0,4,0,5,0,0,0,0,5,6,5,4,1,3}
//GenerateTime[2]:175Ms(without Zero 44Ms); attempts:19
solutions[3] = {
{4,7,5,6,1,2,3},
{1,4,2,3,5,6,7},
{3,6,4,5,7,1,2},
{5,1,6,7,2,3,4},
{7,3,1,2,4,5,6},
{6,2,7,1,3,4,5},
{2,5,3,4,6,7,1}}
clues[3] = {3,1,3,2,3,3,2,3,1,2,2,2,2,2,4,1,2,2,2,3,3,4,2,1,3,3,5,2}
cluesWithZeroes[3] = {3,0,0,0,3,3,0,3,0,2,2,2,2,0,0,0,2,2,2,3,0,0,0,1,3,3,5,0}
//GenerateTime[3]:112Ms(without Zero 5Ms); attempts:2
solutions[4] = {
{2,5,4,6,7,1,3},
{1,4,3,5,6,7,2},
{3,6,5,7,1,2,4},
{4,7,6,1,2,3,5},
{5,1,7,2,3,4,6},
{6,2,1,3,4,5,7},
{7,3,2,4,5,6,1}}
clues[4] = {6,3,4,2,1,2,5,2,2,2,3,2,1,3,2,2,3,2,2,2,1,1,2,2,2,3,5,4}
cluesWithZeroes[4] = {0,0,0,2,0,0,0,0,0,0,0,2,1,0,0,2,3,2,2,2,0,0,2,2,0,0,5,4}
//GenerateTime[4]:151Ms(without Zero 18Ms); attempts:8
solutions[5] = {
{7,1,2,4,5,6,3},
{5,6,7,2,3,4,1},
{1,2,3,5,6,7,4},
{4,5,6,1,2,3,7},
{3,4,5,7,1,2,6},
{6,7,1,3,4,5,2},
{2,3,4,6,7,1,5}}
clues[5] = {1,3,2,3,3,2,3,3,3,2,1,2,3,2,3,3,1,2,4,2,3,5,2,4,4,6,3,1}
cluesWithZeroes[5] = {0,0,0,0,0,0,3,0,3,0,1,0,0,2,3,0,0,0,4,0,0,5,0,4,4,6,3,1}
//GenerateTime[5]:147Ms(without Zero 34Ms); attempts:13
solutions[6] = {
{2,3,4,6,5,7,1},
{4,5,6,1,7,2,3},
{1,2,3,5,4,6,7},
{5,6,7,2,1,3,4},
{7,1,2,4,3,5,6},
{3,4,5,7,6,1,2},
{6,7,1,3,2,4,5}}
clues[6] = {4,4,3,2,2,1,3,2,2,1,2,2,3,2,3,4,3,2,3,1,2,2,4,1,3,6,4,5}
cluesWithZeroes[6] = {0,0,0,2,0,0,0,2,2,0,2,0,3,2,3,4,3,0,0,0,0,0,4,0,3,6,4,5}
//GenerateTime[6]:101Ms(without Zero 10Ms); attempts:6
solutions[7] = {
{2,5,4,3,1,7,6},
{3,6,5,4,2,1,7},
{6,2,1,7,5,4,3},
{5,1,7,6,4,3,2},
{7,3,2,1,6,5,4},
{1,4,3,2,7,6,5},
{4,7,6,5,3,2,1}}
clues[7] = {4,3,3,3,5,1,2,2,1,4,5,4,3,6,3,3,2,3,2,1,2,2,3,1,2,2,3,3}
cluesWithZeroes[7] = {0,0,0,0,5,0,0,0,0,4,5,4,3,6,3,0,0,0,0,0,2,0,0,0,2,2,0,0}
//GenerateTime[7]:141Ms(without Zero 2Ms); attempts:1
solutions[8] = {
{5,6,1,4,3,2,7},
{6,7,2,5,4,3,1},
{7,1,3,6,5,4,2},
{2,3,5,1,7,6,4},
{1,2,4,7,6,5,3},
{4,5,7,3,2,1,6},
{3,4,6,2,1,7,5}}
clues[8] = {3,2,5,4,4,5,1,1,5,5,3,4,2,2,3,1,4,3,2,3,3,4,3,4,4,1,2,3}
cluesWithZeroes[8] = {0,0,5,0,0,5,0,0,5,5,3,4,0,0,3,0,4,3,0,0,3,4,3,4,4,0,2,0}
//GenerateTime[8]:115Ms(without Zero 32Ms); attempts:15
solutions[9] = {
{4,1,3,6,7,5,2},
{5,2,4,7,1,6,3},
{6,3,5,1,2,7,4},
{1,5,7,3,4,2,6},
{3,7,2,5,6,4,1},
{2,6,1,4,5,3,7},
{7,4,6,2,3,1,5}}
clues[9] = {4,5,4,2,1,3,5,3,3,2,2,4,1,3,2,4,4,4,2,3,1,1,3,2,3,2,2,3}
cluesWithZeroes[9] = {0,5,4,0,0,3,5,0,0,0,0,4,0,3,0,0,0,0,2,0,0,0,0,2,3,2,2,3}
//GenerateTime[9]:130Ms(without Zero 11Ms); attempts:6
solutions[10] = {
{3,5,4,2,7,1,6},
{4,6,5,3,1,2,7},
{5,7,6,4,2,3,1},
{2,4,3,1,6,7,5},
{1,3,2,7,5,6,4},
{7,2,1,6,4,5,3},
{6,1,7,5,3,4,2}}
clues[10] = {4,3,4,4,1,4,2,2,1,5,2,3,4,4,5,4,5,3,1,5,2,2,1,3,4,2,3,3}
cluesWithZeroes[10] = {0,0,0,0,0,0,0,0,1,5,0,0,0,0,5,4,5,3,0,5,0,0,1,0,4,0,3,0}
//GenerateTime[10]:122Ms(without Zero 23Ms); attempts:11
solutions[11] = {
{1,2,7,6,5,4,3},
{5,6,4,3,2,1,7},
{6,7,5,4,3,2,1},
{7,1,6,5,4,3,2},
{2,3,1,7,6,5,4},
{4,5,3,2,1,7,6},
{3,4,2,1,7,6,5}}
clues[11] = {4,3,1,2,3,3,2,5,1,6,6,4,2,3,3,2,1,3,4,3,3,3,3,3,1,2,3,3}
cluesWithZeroes[11] = {0,0,0,0,0,0,0,5,0,6,6,4,0,0,3,0,0,0,0,3,0,0,0,0,0,2,3,0}
//GenerateTime[11]:129Ms(without Zero 2Ms); attempts:1
solutions[12] = {
{5,6,1,2,4,3,7},
{6,7,2,3,5,4,1},
{4,5,7,1,3,2,6},
{7,1,3,4,6,5,2},
{3,4,6,7,2,1,5},
{1,2,4,5,7,6,3},
{2,3,5,6,1,7,4}}
clues[12] = {3,2,3,4,4,5,1,1,4,2,4,2,3,2,4,1,2,2,3,4,3,5,5,4,1,3,2,3}
cluesWithZeroes[12] = {0,0,3,4,4,5,0,0,0,0,4,2,0,0,0,0,2,0,3,4,3,5,5,4,0,3,0,3}
//GenerateTime[12]:105Ms(without Zero 5Ms); attempts:3
solutions[13] = {
{4,5,7,6,3,2,1},
{7,1,3,2,6,5,4},
{5,6,1,7,4,3,2},
{1,2,4,3,7,6,5},
{3,4,6,5,2,1,7},
{2,3,5,4,1,7,6},
{6,7,2,1,5,4,3}}
clues[13] = {2,3,1,2,3,4,4,5,4,4,3,1,2,4,3,2,2,4,4,1,2,2,4,4,4,3,1,3}
cluesWithZeroes[13] = {0,3,0,0,0,0,0,5,4,4,3,0,0,4,0,0,2,4,4,0,0,0,4,4,4,3,0,3}
//GenerateTime[13]:94Ms(without Zero 4Ms); attempts:2
solutions[14] = {
{3,4,5,6,7,2,1},
{4,5,6,7,1,3,2},
{2,3,4,5,6,1,7},
{7,1,2,3,4,6,5},
{1,2,3,4,5,7,6},
{5,6,7,1,2,4,3},
{6,7,1,2,3,5,4}}
clues[14] = {3,4,3,2,1,4,3,3,3,1,3,2,3,3,3,2,4,4,2,1,2,2,3,6,1,6,4,5}
cluesWithZeroes[14] = {0,0,0,0,0,0,0,0,0,0,0,0,0,3,3,2,4,0,0,0,0,0,3,6,1,6,4,5}
//GenerateTime[14]:129Ms(without Zero 12Ms); attempts:6
solutions[15] = {
{6,7,3,5,1,2,4},
{5,6,2,4,7,1,3},
{4,5,1,3,6,7,2},
{3,4,7,2,5,6,1},
{2,3,6,1,4,5,7},
{7,1,4,6,2,3,5},
{1,2,5,7,3,4,6}}
clues[15] = {2,1,2,3,2,2,2,3,2,2,3,1,3,2,2,4,5,1,3,6,2,4,1,4,3,4,3,2}
cluesWithZeroes[15] = {0,0,2,0,0,0,2,0,2,0,0,0,3,0,0,4,5,0,0,6,0,4,0,4,3,4,0,2}
//GenerateTime[15]:107Ms(without Zero 7Ms); attempts:4
solutions[16] = {
{3,4,2,1,5,7,6},
{5,6,4,3,7,2,1},
{6,7,5,4,1,3,2},
{4,5,3,2,6,1,7},
{2,3,1,7,4,6,5},
{7,1,6,5,2,4,3},
{1,2,7,6,3,5,4}}
clues[16] = {4,3,5,4,2,1,2,2,3,5,1,3,5,4,3,3,4,2,1,4,2,3,1,3,4,2,3,4}
cluesWithZeroes[16] = {0,0,5,4,0,0,0,0,3,5,1,0,5,0,3,3,4,0,1,4,0,3,0,3,4,0,3,4}
//GenerateTime[16]:134Ms(without Zero 41Ms); attempts:7
solutions[17] = {
{3,7,4,5,1,6,2},
{2,6,3,4,7,5,1},
{4,1,5,6,2,7,3},
{5,2,6,7,3,1,4},
{6,3,7,1,4,2,5},
{7,4,1,2,5,3,6},
{1,5,2,3,6,4,7}}
clues[17] = {5,1,4,3,2,2,6,3,3,2,2,2,2,1,1,2,2,2,2,3,2,4,1,2,3,4,3,2}
cluesWithZeroes[17] = {5,0,4,0,2,2,6,3,3,2,2,0,0,0,0,2,2,2,2,3,0,0,1,0,3,0,3,0}
//GenerateTime[17]:195Ms(without Zero 104Ms); attempts:51
solutions[18] = {
{1,2,7,3,6,5,4},
{7,1,6,2,5,4,3},
{3,4,2,5,1,7,6},
{5,6,4,7,3,2,1},
{2,3,1,4,7,6,5},
{4,5,3,6,2,1,7},
{6,7,5,1,4,3,2}}
clues[18] = {2,4,1,3,2,2,3,4,5,2,4,3,1,5,2,3,2,3,3,1,2,2,4,4,3,4,1,3}
cluesWithZeroes[18] = {0,4,0,3,0,0,0,4,5,0,4,3,0,5,0,3,2,3,0,0,0,0,4,4,0,4,0,3}
//GenerateTime[18]:133Ms(without Zero 25Ms); attempts:7
solutions[19] = {
{5,4,1,7,6,2,3},
{7,6,3,2,1,4,5},
{1,7,4,3,2,5,6},
{2,1,5,4,3,6,7},
{3,2,6,5,4,7,1},
{4,3,7,6,5,1,2},
{6,5,2,1,7,3,4}}
clues[19] = {2,3,6,1,2,5,4,3,3,2,1,2,4,2,2,2,1,3,2,2,2,2,2,3,4,2,1,2}
cluesWithZeroes[19] = {0,0,6,0,0,5,0,3,3,2,0,0,0,0,2,2,0,0,2,2,0,2,2,3,4,0,0,2}
//GenerateTime[19]:152Ms(without Zero 26Ms); attempts:11
solutions[20] = {
{1,4,7,5,6,2,3},
{2,5,1,6,7,3,4},
{4,7,3,1,2,5,6},
{3,6,2,7,1,4,5},
{5,1,4,2,3,6,7},
{6,2,5,3,4,7,1},
{7,3,6,4,5,1,2}}
clues[20] = {6,3,1,3,2,5,4,3,2,2,2,1,2,4,2,2,2,2,2,3,1,1,2,3,3,2,4,3}
cluesWithZeroes[20] = {0,0,0,3,0,5,0,0,0,0,2,0,0,4,2,0,2,2,2,3,0,0,2,0,3,2,4,3}
//GenerateTime[20]:135Ms(without Zero 32Ms); attempts:14
solutions[21] = {
{1,6,5,7,4,3,2},
{2,7,6,1,5,4,3},
{7,5,4,6,3,2,1},
{5,3,2,4,1,7,6},
{4,2,1,3,7,6,5},
{6,4,3,5,2,1,7},
{3,1,7,2,6,5,4}}
clues[21] = {3,2,3,1,3,3,4,4,5,5,2,3,1,4,2,3,2,4,1,4,3,2,2,2,2,1,2,3}
cluesWithZeroes[21] = {3,0,0,0,0,0,4,4,5,5,0,0,0,4,0,3,0,4,0,4,3,0,2,2,2,0,0,3}
//GenerateTime[21]:121Ms(without Zero 19Ms); attempts:7
solutions[22] = {
{2,3,4,6,7,5,1},
{5,6,7,2,3,1,4},
{4,5,6,1,2,7,3},
{1,2,3,5,6,4,7},
{7,1,2,4,5,3,6},
{3,4,5,7,1,6,2},
{6,7,1,3,4,2,5}}
clues[22] = {3,3,2,2,1,2,3,3,2,2,1,2,3,2,3,3,4,2,4,1,2,2,4,1,6,4,3,5}
cluesWithZeroes[22] = {0,0,0,0,0,0,0,3,2,0,0,2,0,2,0,0,4,2,4,0,0,0,4,1,6,4,0,5}
//GenerateTime[22]:136Ms(without Zero 7Ms); attempts:4
solutions[23] = {
{2,3,6,1,7,5,4},
{3,4,7,2,1,6,5},
{4,5,1,3,2,7,6},
{5,6,2,4,3,1,7},
{7,1,4,6,5,3,2},
{6,7,3,5,4,2,1},
{1,2,5,7,6,4,3}}
clues[23] = {5,5,2,6,1,3,4,3,3,2,1,5,5,4,2,2,2,1,2,2,3,4,2,1,3,3,3,4}
cluesWithZeroes[23] = {0,5,0,0,0,0,0,0,3,0,0,5,5,4,2,2,2,0,2,0,0,4,0,1,3,0,0,4}
//GenerateTime[23]:127Ms(without Zero 3Ms); attempts:2
solutions[24] = {
{2,3,5,6,4,7,1},
{3,4,6,7,5,1,2},
{4,5,7,1,6,2,3},
{5,6,1,2,7,3,4},
{7,1,3,4,2,5,6},
{1,2,4,5,3,6,7},
{6,7,2,3,1,4,5}}
clues[24] = {5,5,3,2,4,1,6,2,3,3,2,2,1,2,2,3,3,3,3,1,2,2,6,1,3,3,4,5}
cluesWithZeroes[24] = {0,5,0,0,4,0,6,0,0,0,0,0,0,0,0,0,0,0,0,0,0,0,6,1,3,0,4,5}
//GenerateTime[24]:138Ms(without Zero 11Ms); attempts:5
solutions[25] = {
{2,1,6,7,3,4,5},
{7,6,4,5,1,2,3},
{6,5,3,4,7,1,2},
{4,3,1,2,5,6,7},
{5,4,2,3,6,7,1},
{3,2,7,1,4,5,6},
{1,7,5,6,2,3,4}}
clues[25] = {2,3,2,1,2,3,2,2,4,2,1,2,2,3,3,3,4,2,2,1,5,2,2,3,4,2,1,3}
cluesWithZeroes[25] = {0,0,2,0,2,3,0,2,4,0,0,2,2,0,0,3,4,2,0,0,5,2,2,3,4,0,1,3}
//GenerateTime[25]:123Ms(without Zero 6Ms); attempts:3
solutions[26] = {
{1,2,5,4,7,6,3},
{6,7,3,2,5,4,1},
{2,3,6,5,1,7,4},
{7,1,4,3,6,5,2},
{5,6,2,1,4,3,7},
{4,5,1,7,3,2,6},
{3,4,7,6,2,1,5}}
clues[26] = {3,2,3,3,1,2,3,3,4,2,4,1,2,3,3,5,5,2,1,4,4,3,3,3,1,4,2,4}
cluesWithZeroes[26] = {0,0,0,3,0,0,3,0,4,2,4,0,0,0,0,5,5,0,0,4,4,3,3,3,0,4,2,4}
//GenerateTime[26]:100Ms(without Zero 2Ms); attempts:1
solutions[27] = {
{2,4,7,6,1,5,3},
{3,5,1,7,2,6,4},
{4,6,2,1,3,7,5},
{1,3,6,5,7,4,2},
{7,2,5,4,6,3,1},
{6,1,4,3,5,2,7},
{5,7,3,2,4,1,6}}
clues[27] = {4,4,1,2,4,3,4,4,3,2,3,4,1,2,2,5,4,5,5,1,3,2,2,1,4,3,3,3}
cluesWithZeroes[27] = {0,4,0,0,0,0,4,4,0,0,3,0,0,0,0,5,4,5,5,0,3,2,0,0,4,0,3,3}
//GenerateTime[27]:159Ms(without Zero 54Ms); attempts:23
solutions[28] = {
{2,6,4,3,7,1,5},
{6,3,1,7,4,5,2},
{1,5,3,2,6,7,4},
{7,4,2,1,5,6,3},
{5,2,7,6,3,4,1},
{4,1,6,5,2,3,7},
{3,7,5,4,1,2,6}}
clues[28] = {3,2,2,2,1,3,2,2,3,2,3,4,1,2,2,5,6,4,3,1,4,2,3,2,1,4,2,3}
cluesWithZeroes[28] = {0,0,0,0,1,0,2,0,3,0,3,4,0,0,0,5,6,4,3,0,4,0,3,0,0,4,2,3}
//GenerateTime[28]:113Ms(without Zero 16Ms); attempts:7
solutions[29] = {
{7,1,3,5,2,6,4},
{6,7,2,4,1,5,3},
{1,2,4,6,3,7,5},
{2,3,5,7,4,1,6},
{5,6,1,3,7,4,2},
{4,5,7,2,6,3,1},
{3,4,6,1,5,2,7}}
clues[29] = {1,2,4,3,4,2,4,3,3,2,2,3,4,1,1,4,3,4,2,4,5,4,3,3,4,5,2,1}
cluesWithZeroes[29] = {0,0,0,0,0,0,0,0,0,0,0,3,4,0,0,4,0,4,0,4,0,4,3,0,4,5,0,1}
//GenerateTime[29]:141Ms(without Zero 16Ms); attempts:8
solutions[30] = {
{5,4,3,1,7,2,6},
{1,7,6,4,3,5,2},
{3,2,1,6,5,7,4},
{6,5,4,2,1,3,7},
{2,1,7,5,4,6,3},
{4,3,2,7,6,1,5},
{7,6,5,3,2,4,1}}
clues[30] = {3,2,3,4,1,3,2,2,4,2,1,3,3,5,3,3,3,2,2,2,1,1,2,2,2,3,2,2}
cluesWithZeroes[30] = {0,0,3,4,0,3,0,0,4,0,1,0,0,5,0,3,3,2,0,2,0,0,2,2,2,3,2,2}
//GenerateTime[30]:155Ms(without Zero 35Ms); attempts:19
solutions[31] = {
{2,1,6,4,7,5,3},
{5,4,2,7,3,1,6},
{1,7,5,3,6,4,2},
{7,6,4,2,5,3,1},
{6,5,3,1,4,2,7},
{4,3,1,6,2,7,5},
{3,2,7,5,1,6,4}}
clues[31] = {3,3,2,2,1,2,3,3,2,4,5,1,2,3,3,2,6,3,1,5,4,2,3,2,1,2,2,3}
cluesWithZeroes[31] = {0,3,0,0,1,0,0,0,2,0,0,0,0,0,3,0,6,3,0,5,0,2,3,2,0,0,2,3}
//GenerateTime[31]:152Ms(without Zero 19Ms); attempts:9
solutions[32] = {
{7,5,6,3,2,1,4},
{6,4,5,2,1,7,3},
{4,2,3,7,6,5,1},
{5,3,4,1,7,6,2},
{3,1,2,6,5,4,7},
{2,7,1,5,4,3,6},
{1,6,7,4,3,2,5}}
clues[32] = {1,2,2,2,3,2,2,3,2,4,3,1,2,2,3,5,4,4,1,2,6,3,2,3,2,2,2,1}
cluesWithZeroes[32] = {0,0,0,0,0,0,0,0,0,4,0,0,0,0,3,5,4,4,0,0,6,3,0,0,2,2,2,0}
//GenerateTime[32]:126Ms(without Zero 27Ms); attempts:11
solutions[33] = {
{1,2,3,4,7,6,5},
{7,1,2,3,6,5,4},
{6,7,1,2,5,4,3},
{3,4,5,6,2,1,7},
{2,3,4,5,1,7,6},
{4,5,6,7,3,2,1},
{5,6,7,1,4,3,2}}
clues[33] = {2,2,4,3,1,2,2,3,4,4,1,2,4,4,3,2,4,2,1,2,3,3,4,5,5,2,1,5}
cluesWithZeroes[33] = {0,0,0,0,0,0,0,3,4,4,0,0,4,4,3,0,0,0,0,0,0,0,4,5,5,2,1,5}
//GenerateTime[33]:122Ms(without Zero 4Ms); attempts:2
solutions[34] = {
{6,7,3,5,4,2,1},
{1,2,5,7,6,4,3},
{5,6,2,4,3,1,7},
{4,5,1,3,2,7,6},
{3,4,7,2,1,6,5},
{7,1,4,6,5,3,2},
{2,3,6,1,7,5,4}}
clues[34] = {2,1,3,2,3,3,3,5,4,1,2,3,5,3,4,3,1,3,2,5,2,4,1,3,3,3,4,2}
cluesWithZeroes[34] = {0,0,0,0,0,0,3,0,4,0,2,0,5,3,4,3,0,0,2,5,0,4,0,3,3,0,4,0}
//GenerateTime[34]:112Ms(without Zero 9Ms); attempts:5
solutions[35] = {
{7,6,4,3,2,5,1},
{2,1,6,5,4,7,3},
{4,3,1,7,6,2,5},
{6,5,3,2,1,4,7},
{5,4,2,1,7,3,6},
{1,7,5,4,3,6,2},
{3,2,7,6,5,1,4}}
clues[35] = {1,2,3,3,4,2,4,4,2,3,1,2,3,4,3,3,2,2,1,2,4,2,2,2,2,2,3,1}
cluesWithZeroes[35] = {0,0,3,3,4,0,4,0,0,0,0,2,3,4,3,0,2,2,0,2,4,2,2,2,2,2,3,0}
//GenerateTime[35]:107Ms(without Zero 6Ms); attempts:2
solutions[36] = {
{5,6,7,1,4,3,2},
{2,3,4,5,1,7,6},
{6,7,1,2,5,4,3},
{1,2,3,4,7,6,5},
{3,4,5,6,2,1,7},
{4,5,6,7,3,2,1},
{7,1,2,3,6,5,4}}
clues[36] = {3,2,1,4,3,2,3,4,2,4,3,1,4,4,2,3,2,2,3,3,1,1,4,5,5,2,5,3}
cluesWithZeroes[36] = {0,0,0,0,0,0,0,0,0,4,3,0,4,4,0,3,2,0,0,0,0,0,4,5,5,2,5,3}
//GenerateTime[36]:130Ms(without Zero 7Ms); attempts:4
solutions[37] = {
{1,2,4,3,5,6,7},
{7,1,3,2,4,5,6},
{6,7,2,1,3,4,5},
{3,4,6,5,7,1,2},
{4,5,7,6,1,2,3},
{2,3,5,4,6,7,1},
{5,6,1,7,2,3,4}}
clues[37] = {2,2,3,4,2,2,1,1,2,2,2,3,2,2,4,2,3,1,3,2,3,3,5,3,4,2,1,6}
cluesWithZeroes[37] = {0,0,0,0,0,2,0,0,2,2,2,3,0,0,4,0,3,0,3,0,3,3,5,3,0,2,1,0}
//GenerateTime[37]:108Ms(without Zero 19Ms); attempts:9
solutions[38] = {
{3,7,6,5,4,2,1},
{5,2,1,7,6,4,3},
{6,3,2,1,7,5,4},
{4,1,7,6,5,3,2},
{7,4,3,2,1,6,5},
{1,5,4,3,2,7,6},
{2,6,5,4,3,1,7}}
clues[38] = {4,1,2,2,3,5,6,6,4,3,5,3,2,1,1,2,3,3,2,2,2,3,3,1,2,2,2,2}
cluesWithZeroes[38] = {0,0,0,0,0,5,0,6,4,3,5,0,0,0,0,0,3,3,0,0,2,0,0,1,2,2,2,0}
//GenerateTime[38]:155Ms(without Zero 8Ms); attempts:4
solutions[39] = {
{5,6,4,2,3,1,7},
{4,5,3,1,2,7,6},
{7,1,6,4,5,3,2},
{6,7,5,3,4,2,1},
{3,4,2,7,1,6,5},
{2,3,1,6,7,5,4},
{1,2,7,5,6,4,3}}
clues[39] = {2,2,3,3,3,2,1,1,2,5,5,3,3,4,5,4,2,3,1,4,5,3,4,3,2,1,3,3}
cluesWithZeroes[39] = {0,0,3,3,0,0,0,0,0,5,5,0,0,0,5,4,0,0,0,4,5,3,4,0,0,0,0,3}
//GenerateTime[39]:102Ms(without Zero 2Ms); attempts:1
solutions[40] = {
{1,2,4,6,7,3,5},
{7,1,3,5,6,2,4},
{5,6,1,3,4,7,2},
{6,7,2,4,5,1,3},
{4,5,7,2,3,6,1},
{3,4,6,1,2,5,7},
{2,3,5,7,1,4,6}}
clues[40] = {2,3,2,2,1,2,2,2,3,2,3,3,1,2,2,4,6,1,3,4,5,4,4,3,2,3,1,5}
cluesWithZeroes[40] = {0,0,0,0,0,2,0,2,3,0,0,0,0,0,0,4,6,0,3,0,5,4,4,3,0,3,0,5}
//GenerateTime[40]:116Ms(without Zero 14Ms); attempts:5
solutions[41] = {
{5,6,7,1,4,3,2},
{1,2,3,4,7,6,5},
{2,3,4,5,1,7,6},
{7,1,2,3,6,5,4},
{3,4,5,6,2,1,7},
{6,7,1,2,5,4,3},
{4,5,6,7,3,2,1}}
clues[41] = {2,2,1,5,2,3,4,4,3,2,4,1,4,4,3,4,4,1,2,2,3,4,2,5,1,5,5,3}
cluesWithZeroes[41] = {0,0,0,0,0,0,0,4,3,0,4,0,0,4,0,4,4,0,0,0,0,4,0,5,1,5,5,3}
//GenerateTime[41]:117Ms(without Zero 8Ms); attempts:2
solutions[42] = {
{7,6,4,3,1,2,5},
{5,4,2,1,6,7,3},
{4,3,1,7,5,6,2},
{6,5,3,2,7,1,4},
{3,2,7,6,4,5,1},
{2,1,6,5,3,4,7},
{1,7,5,4,2,3,6}}
clues[42] = {1,2,2,2,3,2,2,3,2,3,2,4,1,2,2,5,4,4,3,1,5,2,3,2,2,2,3,1}
cluesWithZeroes[42] = {0,2,0,0,0,0,0,3,0,0,2,0,0,0,0,5,4,4,0,0,5,2,3,0,0,2,3,0}
//GenerateTime[42]:116Ms(without Zero 11Ms); attempts:4
solutions[43] = {
{1,4,5,3,6,2,7},
{2,5,6,4,7,3,1},
{3,6,7,5,1,4,2},
{7,3,4,2,5,1,6},
{6,2,3,1,4,7,5},
{5,1,2,7,3,6,4},
{4,7,1,6,2,5,3}}
clues[43] = {4,4,3,4,2,4,1,1,3,4,2,2,3,4,5,3,5,2,5,1,4,2,2,2,1,3,4,5}
cluesWithZeroes[43] = {4,0,0,4,0,0,0,0,0,0,2,0,0,0,5,0,5,0,5,0,4,2,2,0,0,0,4,5}
//GenerateTime[43]:157Ms(without Zero 40Ms); attempts:18
solutions[44] = {
{2,3,4,6,5,1,7},
{3,4,5,7,6,2,1},
{4,5,6,1,7,3,2},
{7,1,2,4,3,6,5},
{5,6,7,2,1,4,3},
{6,7,1,3,2,5,4},
{1,2,3,5,4,7,6}}
clues[44] = {4,5,4,2,3,5,1,1,4,3,3,3,3,2,2,1,2,2,2,2,3,5,2,3,1,4,4,5}
cluesWithZeroes[44] = {0,0,0,0,0,0,0,0,4,0,0,0,0,0,2,0,2,2,0,0,0,5,0,3,1,4,4,5}
//GenerateTime[44]:113Ms(without Zero 3Ms); attempts:2
solutions[45] = {
{3,5,6,7,2,1,4},
{4,6,7,1,3,2,5},
{1,3,4,5,7,6,2},
{7,2,3,4,6,5,1},
{2,4,5,6,1,7,3},
{5,7,1,2,4,3,6},
{6,1,2,3,5,4,7}}
clues[45] = {3,3,2,1,3,4,4,2,2,3,4,2,2,1,1,2,3,3,3,2,2,2,2,5,1,5,3,4}
cluesWithZeroes[45] = {3,0,0,0,3,4,0,0,2,0,4,0,2,0,0,2,3,3,3,2,0,2,0,5,1,5,0,0}
//GenerateTime[45]:138Ms(without Zero 36Ms); attempts:13
solutions[46] = {
{7,1,2,5,4,3,6},
{5,6,7,3,2,1,4},
{6,7,1,4,3,2,5},
{3,4,5,1,7,6,2},
{4,5,6,2,1,7,3},
{2,3,4,7,6,5,1},
{1,2,3,6,5,4,7}}
clues[46] = {1,3,2,2,2,3,2,2,2,2,3,2,4,1,1,3,3,2,4,4,5,5,4,4,4,2,3,1}
cluesWithZeroes[46] = {0,0,0,2,0,0,0,0,2,2,3,0,4,0,0,3,0,0,4,0,0,5,4,4,4,0,3,1}
//GenerateTime[46]:137Ms(without Zero 25Ms); attempts:9
solutions[47] = {
{3,5,7,1,4,2,6},
{4,6,1,2,5,3,7},
{5,7,2,3,6,4,1},
{1,3,5,6,2,7,4},
{2,4,6,7,3,1,5},
{7,2,4,5,1,6,3},
{6,1,3,4,7,5,2}}
clues[47] = {4,3,1,5,4,4,2,2,1,4,2,2,3,3,4,3,1,3,4,4,2,2,1,4,5,2,3,3}
cluesWithZeroes[47] = {4,0,0,5,4,4,0,0,1,4,0,2,0,0,4,3,0,3,4,4,0,0,1,4,5,0,0,3}
//GenerateTime[47]:94Ms(without Zero 7Ms); attempts:4
solutions[48] = {
{5,7,6,1,2,3,4},
{6,1,7,2,3,4,5},
{2,4,3,5,6,7,1},
{3,5,4,6,7,1,2},
{7,2,1,3,4,5,6},
{4,6,5,7,1,2,3},
{1,3,2,4,5,6,7}}
clues[48] = {3,1,2,5,4,3,4,3,2,2,2,2,2,1,1,2,2,2,3,3,3,6,3,1,4,5,2,2}
cluesWithZeroes[48] = {0,0,0,5,0,0,0,3,2,2,2,2,2,0,0,0,0,0,0,0,0,6,0,1,0,5,2,2}
//GenerateTime[48]:154Ms(without Zero 20Ms); attempts:11
solutions[49] = {
{7,1,2,3,4,6,5},
{2,3,4,5,6,1,7},
{5,6,7,1,2,4,3},
{3,4,5,6,7,2,1},
{4,5,6,7,1,3,2},
{1,2,3,4,5,7,6},
{6,7,1,2,3,5,4}}
clues[49] = {1,4,3,4,3,2,2,3,1,3,3,3,2,3,3,2,3,3,4,1,2,2,6,4,5,3,6,1}
cluesWithZeroes[49] = {0,0,0,0,0,0,0,3,0,3,3,0,0,0,3,0,0,0,0,0,0,0,6,4,5,3,6,1}
//GenerateTime[49]:150Ms(without Zero 21Ms); attempts:12
solutions[50] = {
{1,7,2,3,4,5,6},
{3,2,4,5,6,7,1},
{2,1,3,4,5,6,7},
{6,5,7,1,2,3,4},
{4,3,5,6,7,1,2},
{5,4,6,7,1,2,3},
{7,6,1,2,3,4,5}}
clues[50] = {4,1,3,4,3,2,2,2,2,1,2,2,2,3,2,3,2,2,3,2,1,1,3,4,2,6,5,2}
cluesWithZeroes[50] = {0,0,0,0,0,0,0,2,0,0,2,2,2,0,2,0,2,0,0,2,0,0,0,4,2,6,5,2}
//GenerateTime[50]:156Ms(without Zero 34Ms); attempts:14
solutions[51] = {
{4,2,5,6,7,1,3},
{6,4,7,1,2,3,5},
{7,5,1,2,3,4,6},
{5,3,6,7,1,2,4},
{3,1,4,5,6,7,2},
{2,7,3,4,5,6,1},
{1,6,2,3,4,5,7}}
clues[51] = {3,4,2,2,1,4,4,2,2,2,2,2,3,1,1,3,4,4,5,2,5,3,2,5,3,1,2,4}
cluesWithZeroes[51] = {0,4,0,0,0,0,0,0,0,0,0,0,0,0,0,3,4,4,5,0,5,0,2,5,3,0,2,4}
//GenerateTime[51]:105Ms(without Zero 5Ms); attempts:3
solutions[52] = {
{2,3,4,5,6,1,7},
{1,2,3,4,5,7,6},
{6,7,1,2,3,5,4},
{7,1,2,3,4,6,5},
{5,6,7,1,2,4,3},
{3,4,5,6,7,2,1},
{4,5,6,7,1,3,2}}
clues[52] = {3,2,2,3,2,2,1,1,2,3,3,3,3,3,5,4,2,1,2,3,3,4,5,3,1,2,6,6}
cluesWithZeroes[52] = {0,0,0,0,0,0,0,0,0,3,0,0,3,0,5,4,0,0,0,0,0,4,5,3,0,2,6,6}
//GenerateTime[52]:172Ms(without Zero 57Ms); attempts:30
solutions[53] = {
{3,4,5,7,6,1,2},
{7,1,2,4,3,5,6},
{1,2,3,5,4,6,7},
{6,7,1,3,2,4,5},
{2,3,4,6,5,7,1},
{4,5,6,1,7,2,3},
{5,6,7,2,1,3,4}}
clues[53] = {2,2,3,1,2,4,3,3,2,1,2,2,2,2,3,2,2,3,1,2,3,3,4,5,2,6,1,4}
cluesWithZeroes[53] = {0,0,0,0,2,0,0,3,2,0,2,0,0,0,3,0,2,3,0,0,0,0,4,5,2,6,1,4}
//GenerateTime[53]:124Ms(without Zero 15Ms); attempts:9
solutions[54] = {
{6,4,3,2,7,1,5},
{5,3,2,1,6,7,4},
{7,5,4,3,1,2,6},
{4,2,1,7,5,6,3},
{3,1,7,6,4,5,2},
{2,7,6,5,3,4,1},
{1,6,5,4,2,3,7}}
clues[54] = {2,3,3,3,1,2,3,2,2,2,3,4,5,1,1,5,6,4,3,2,5,3,2,2,2,1,3,2}
cluesWithZeroes[54] = {0,3,0,0,0,0,0,0,0,2,0,0,0,0,0,5,6,4,0,0,5,0,2,2,2,0,3,2}
//GenerateTime[54]:130Ms(without Zero 23Ms); attempts:13
solutions[55] = {
{4,6,5,3,2,1,7},
{3,5,4,2,1,7,6},
{7,2,1,6,5,4,3},
{6,1,7,5,4,3,2},
{1,3,2,7,6,5,4},
{5,7,6,4,3,2,1},
{2,4,3,1,7,6,5}}
clues[55] = {2,2,2,3,4,2,1,1,2,5,5,4,6,3,3,2,1,3,3,2,4,3,2,3,2,1,3,3}
cluesWithZeroes[55] = {0,0,0,0,4,0,0,0,0,5,5,4,6,0,3,0,0,0,0,0,4,0,0,3,0,0,0,3}
//GenerateTime[55]:143Ms(without Zero 2Ms); attempts:1
solutions[56] = {
{7,2,1,3,4,5,6},
{3,5,4,6,7,1,2},
{4,6,5,7,1,2,3},
{5,7,6,1,2,3,4},
{2,4,3,5,6,7,1},
{6,1,7,2,3,4,5},
{1,3,2,4,5,6,7}}
clues[56] = {1,4,5,3,2,2,2,2,2,2,3,2,2,1,1,2,3,3,2,3,3,6,2,5,2,3,4,1}
cluesWithZeroes[56] = {0,0,5,0,0,0,0,2,2,2,3,2,2,0,0,0,3,0,0,0,0,6,0,5,0,3,4,1}
//GenerateTime[56]:135Ms(without Zero 8Ms); attempts:3
solutions[57] = {
{3,6,4,5,1,7,2},
{4,7,5,6,2,1,3},
{7,3,1,2,5,4,6},
{5,1,6,7,3,2,4},
{6,2,7,1,4,3,5},
{1,4,2,3,6,5,7},
{2,5,3,4,7,6,1}}
clues[57] = {3,2,4,3,5,1,4,2,3,2,2,2,1,3,2,2,1,2,2,2,3,3,4,2,3,1,2,3}
cluesWithZeroes[57] = {0,0,0,0,5,1,0,0,3,2,2,2,0,0,0,2,0,2,2,2,0,3,4,0,3,1,2,3}
//GenerateTime[57]:138Ms(without Zero 27Ms); attempts:11
solutions[58] = {
{6,7,1,2,5,4,3},
{2,3,4,5,1,7,6},
{1,2,3,4,7,6,5},
{7,1,2,3,6,5,4},
{3,4,5,6,2,1,7},
{5,6,7,1,4,3,2},
{4,5,6,7,3,2,1}}
clues[58] = {2,1,4,4,2,2,3,4,2,3,4,1,4,4,3,5,4,1,2,3,3,4,3,5,1,5,5,2}
cluesWithZeroes[58] = {0,0,0,0,0,0,0,4,0,0,4,0,0,0,3,5,4,0,0,0,0,4,3,5,0,5,5,2}
//GenerateTime[58]:115Ms(without Zero 9Ms); attempts:4
solutions[59] = {
{7,2,6,1,5,4,3},
{5,7,4,6,3,2,1},
{4,6,3,5,2,1,7},
{1,3,7,2,6,5,4},
{3,5,2,4,1,7,6},
{2,4,1,3,7,6,5},
{6,1,5,7,4,3,2}}
clues[59] = {1,2,2,3,3,3,2,5,5,1,4,2,3,4,4,3,2,1,2,5,2,2,3,3,3,3,2,1}
cluesWithZeroes[59] = {0,0,0,3,3,3,0,5,5,0,4,0,0,4,4,0,0,0,2,5,2,0,0,0,0,3,0,1}
//GenerateTime[59]:140Ms(without Zero 25Ms); attempts:13
solutions[60] = {
{7,4,6,5,2,3,1},
{1,5,7,6,3,4,2},
{2,6,1,7,4,5,3},
{6,3,5,4,1,2,7},
{5,2,4,3,7,1,6},
{4,1,3,2,6,7,5},
{3,7,2,1,5,6,4}}
clues[60] = {1,4,2,3,4,4,4,5,4,3,1,2,2,3,4,2,3,5,5,1,5,2,3,2,2,3,3,1}
cluesWithZeroes[60] = {0,0,0,0,4,4,4,0,4,0,0,0,0,0,4,0,3,5,5,0,5,0,3,0,0,3,3,0}
//GenerateTime[60]:108Ms(without Zero 11Ms); attempts:7
solutions[61] = {
{5,4,7,6,1,2,3},
{4,3,6,5,7,1,2},
{6,5,1,7,2,3,4},
{7,6,2,1,3,4,5},
{1,7,3,2,4,5,6},
{3,2,5,4,6,7,1},
{2,1,4,3,5,6,7}}
clues[61] = {3,4,1,2,2,5,5,3,2,2,3,2,2,1,1,2,3,3,4,3,3,5,4,2,1,2,3,2}
cluesWithZeroes[61] = {3,4,0,0,0,0,5,3,2,2,0,2,0,0,0,0,3,3,4,0,0,5,4,0,0,2,3,0}
//GenerateTime[61]:120Ms(without Zero 30Ms); attempts:12
solutions[62] = {
{6,5,4,3,2,1,7},
{7,6,5,4,3,2,1},
{1,7,6,5,4,3,2},
{4,3,2,1,7,6,5},
{3,2,1,7,6,5,4},
{2,1,7,6,5,4,3},
{5,4,3,2,1,7,6}}
clues[62] = {2,3,4,4,4,5,1,1,7,6,3,4,5,2,2,1,4,3,2,2,2,2,2,2,2,2,1,2}
cluesWithZeroes[62] = {0,0,0,0,0,0,0,0,0,6,0,0,0,0,0,1,4,0,0,0,2,2,2,2,2,0,1,2}
//GenerateTime[62]:194Ms(without Zero 80Ms); attempts:35
solutions[63] = {
{1,7,6,5,4,3,2},
{5,4,3,2,1,7,6},
{6,5,4,3,2,1,7},
{2,1,7,6,5,4,3},
{4,3,2,1,7,6,5},
{7,6,5,4,3,2,1},
{3,2,1,7,6,5,4}}
clues[63] = {4,1,2,3,3,2,3,6,2,1,5,3,7,4,3,3,2,1,3,3,2,2,1,2,2,2,2,2}
cluesWithZeroes[63] = {0,0,0,0,0,0,0,0,2,1,5,0,0,0,3,3,0,0,3,3,0,2,0,2,2,2,2,2}
//GenerateTime[63]:157Ms(without Zero 24Ms); attempts:9
solutions[64] = {
{6,2,1,7,5,4,3},
{7,3,2,1,6,5,4},
{5,1,7,6,4,3,2},
{4,7,6,5,3,2,1},
{2,5,4,3,1,7,6},
{1,4,3,2,7,6,5},
{3,6,5,4,2,1,7}}
clues[64] = {2,3,3,1,3,3,4,4,4,5,6,2,3,1,1,3,2,4,3,2,4,3,3,3,2,2,1,2}
cluesWithZeroes[64] = {0,3,0,0,3,0,0,4,4,5,6,0,0,0,0,3,0,4,0,0,4,3,3,0,0,0,1,2}
//GenerateTime[64]:136Ms(without Zero 53Ms); attempts:23
solutions[65] = {
{1,3,4,6,7,2,5},
{2,4,5,7,1,3,6},
{3,5,6,1,2,4,7},
{7,2,3,5,6,1,4},
{6,1,2,4,5,7,3},
{5,7,1,3,4,6,2},
{4,6,7,2,3,5,1}}
clues[65] = {4,4,4,2,1,4,3,2,2,1,3,2,3,3,5,3,5,5,1,2,4,3,2,2,1,4,4,5}
cluesWithZeroes[65] = {0,0,0,0,0,4,3,0,0,0,3,0,0,0,5,3,5,5,0,0,4,0,0,0,0,4,4,5}
//GenerateTime[65]:119Ms(without Zero 17Ms); attempts:10
solutions[66] = {
{1,2,7,6,3,5,4},
{6,7,5,4,1,3,2},
{4,5,3,2,6,1,7},
{7,1,6,5,2,4,3},
{5,6,4,3,7,2,1},
{3,4,2,1,5,7,6},
{2,3,1,7,4,6,5}}
clues[66] = {3,2,1,2,3,2,2,4,5,1,5,3,2,3,3,2,3,1,5,4,4,3,4,3,1,4,2,3}
cluesWithZeroes[66] = {0,0,0,0,3,0,0,4,5,0,5,3,0,0,3,0,3,0,5,4,4,0,4,3,0,0,2,3}
//GenerateTime[66]:124Ms(without Zero 39Ms); attempts:20
solutions[67] = {
{4,1,7,6,3,5,2},
{5,2,1,7,4,6,3},
{3,7,6,5,2,4,1},
{6,3,2,1,5,7,4},
{2,6,5,4,1,3,7},
{1,5,4,3,7,2,6},
{7,4,3,2,6,1,5}}
clues[67] = {4,3,1,2,4,3,4,4,3,5,2,1,2,3,3,4,2,5,5,4,1,1,3,3,2,2,2,2}
cluesWithZeroes[67] = {0,3,0,0,4,0,4,0,3,5,2,0,0,0,0,4,0,5,5,4,0,0,3,3,2,0,2,2}
//GenerateTime[67]:119Ms(without Zero 27Ms); attempts:4
solutions[68] = {
{4,2,5,6,1,7,3},
{5,3,6,7,2,1,4},
{6,4,7,1,3,2,5},
{1,6,2,3,5,4,7},
{2,7,3,4,6,5,1},
{7,5,1,2,4,3,6},
{3,1,4,5,7,6,2}}
clues[68] = {4,5,3,2,6,1,4,2,2,2,1,4,2,3,3,2,1,2,2,3,2,4,1,2,3,2,3,4}
cluesWithZeroes[68] = {0,5,0,0,6,0,4,0,0,0,0,0,2,0,0,2,0,2,2,3,0,0,1,0,0,0,3,4}
//GenerateTime[68]:173Ms(without Zero 72Ms); attempts:34
solutions[69] = {
{5,2,6,4,3,1,7},
{4,1,5,3,2,7,6},
{2,6,3,1,7,5,4},
{3,7,4,2,1,6,5},
{6,3,7,5,4,2,1},
{7,4,1,6,5,3,2},
{1,5,2,7,6,4,3}}
clues[69] = {3,3,2,4,2,2,1,1,2,3,3,5,5,4,4,3,2,1,2,2,2,3,1,2,2,3,3,3}
cluesWithZeroes[69] = {0,0,2,4,0,0,0,0,2,3,3,5,5,0,4,3,2,0,2,2,0,3,0,2,2,3,0,3}
//GenerateTime[69]:121Ms(without Zero 18Ms); attempts:5
solutions[70] = {
{3,2,5,4,7,1,6},
{1,7,3,2,5,6,4},
{2,1,4,3,6,7,5},
{7,6,2,1,4,5,3},
{6,5,1,7,3,4,2},
{4,3,6,5,1,2,7},
{5,4,7,6,2,3,1}}
clues[70] = {2,2,3,2,1,3,2,2,3,2,4,3,1,4,2,4,5,2,1,4,3,2,3,2,1,4,2,3}
cluesWithZeroes[70] = {0,0,3,2,0,0,2,0,0,2,0,0,0,4,2,4,5,0,0,4,3,0,3,0,0,4,2,3}
//GenerateTime[70]:126Ms(without Zero 32Ms); attempts:14
solutions[71] = {
{3,4,1,6,2,7,5},
{6,7,4,2,5,3,1},
{5,6,3,1,4,2,7},
{4,5,2,7,3,1,6},
{2,3,7,5,1,6,4},
{1,2,6,4,7,5,3},
{7,1,5,3,6,4,2}}
clues[71] = {3,2,3,2,3,1,2,2,4,1,2,3,3,4,5,4,2,4,3,6,1,1,4,3,3,3,2,4}
cluesWithZeroes[71] = {0,0,3,0,3,0,2,0,0,0,2,0,0,0,5,4,0,4,0,6,0,0,4,3,3,0,0,4}
//GenerateTime[71]:150Ms(without Zero 49Ms); attempts:25
solutions[72] = {
{1,2,3,4,6,5,7},
{3,4,5,6,1,7,2},
{4,5,6,7,2,1,3},
{2,3,4,5,7,6,1},
{7,1,2,3,5,4,6},
{5,6,7,1,3,2,4},
{6,7,1,2,4,3,5}}
clues[72] = {4,5,4,3,2,2,1,1,2,2,3,2,2,2,3,4,3,4,2,1,2,2,3,1,5,4,5,6}
cluesWithZeroes[72] = {0,0,0,0,2,0,0,0,2,0,3,0,2,0,0,4,3,0,0,0,0,0,3,0,5,4,5,6}
//GenerateTime[72]:127Ms(without Zero 13Ms); attempts:7
solutions[73] = {
{4,7,5,6,1,2,3},
{2,5,3,4,6,7,1},
{7,3,1,2,4,5,6},
{6,2,7,1,3,4,5},
{1,4,2,3,5,6,7},
{5,1,6,7,2,3,4},
{3,6,4,5,7,1,2}}
clues[73] = {2,1,2,2,3,2,3,3,2,2,2,1,2,2,3,4,1,2,3,2,4,3,3,5,2,1,4,2}
cluesWithZeroes[73] = {2,0,0,2,0,0,0,3,0,2,2,0,2,2,0,4,0,2,3,2,4,0,0,5,0,1,4,0}
//GenerateTime[73]:117Ms(without Zero 9Ms); attempts:3
solutions[74] = {
{1,2,3,7,4,5,6},
{5,6,7,4,1,2,3},
{3,4,5,2,6,7,1},
{4,5,6,3,7,1,2},
{2,3,4,1,5,6,7},
{7,1,2,6,3,4,5},
{6,7,1,5,2,3,4}}
clues[74] = {3,3,2,1,3,2,2,2,3,2,2,1,3,3,3,4,4,3,5,1,2,2,1,6,4,5,3,4}
cluesWithZeroes[74] = {0,0,0,0,3,0,2,0,0,0,0,0,3,0,0,4,4,0,5,0,0,0,1,6,4,5,3,4}
//GenerateTime[74]:108Ms(without Zero 6Ms); attempts:3
solutions[75] = {
{7,6,5,4,3,2,1},
{6,5,4,3,2,1,7},
{5,4,3,2,1,7,6},
{2,1,7,6,5,4,3},
{4,3,2,1,7,6,5},
{1,7,6,5,4,3,2},
{3,2,1,7,6,5,4}}
clues[75] = {1,2,2,3,3,2,2,7,1,2,5,3,6,4,4,3,2,1,3,2,5,2,2,2,2,2,2,1}
cluesWithZeroes[75] = {0,0,0,0,0,0,0,0,0,0,5,0,0,0,0,0,0,0,3,2,5,2,2,2,2,2,2,0}
//GenerateTime[75]:176Ms(without Zero 7Ms); attempts:4
solutions[76] = {
{1,7,6,5,4,3,2},
{5,4,3,2,1,7,6},
{2,1,7,6,5,4,3},
{4,3,2,1,7,6,5},
{6,5,4,3,2,1,7},
{7,6,5,4,3,2,1},
{3,2,1,7,6,5,4}}
clues[76] = {4,1,2,3,3,2,3,6,2,5,3,1,7,4,2,3,2,1,3,3,2,2,1,2,2,2,2,2}
cluesWithZeroes[76] = {0,0,0,0,0,0,0,0,2,5,0,1,0,4,0,3,0,0,3,3,0,2,0,2,2,2,2,2}
//GenerateTime[76]:141Ms(without Zero 6Ms); attempts:4
solutions[77] = {
{6,5,3,4,2,1,7},
{3,2,7,1,6,5,4},
{1,7,5,6,4,3,2},
{7,6,4,5,3,2,1},
{5,4,2,3,1,7,6},
{2,1,6,7,5,4,3},
{4,3,1,2,7,6,5}}
clues[77] = {2,2,2,3,3,3,1,1,4,5,6,2,4,3,3,2,1,2,3,4,3,2,3,2,1,2,2,2}
cluesWithZeroes[77] = {0,0,0,0,3,0,0,0,4,5,6,0,4,0,3,0,0,0,3,4,0,2,3,2,0,2,0,2}
//GenerateTime[77]:125Ms(without Zero 9Ms); attempts:5
solutions[78] = {
{6,3,7,5,4,2,1},
{1,5,2,7,6,4,3},
{7,4,1,6,5,3,2},
{2,6,3,1,7,5,4},
{5,2,6,4,3,1,7},
{4,1,5,3,2,7,6},
{3,7,4,2,1,6,5}}
clues[78] = {2,4,1,2,3,4,4,5,4,5,3,1,2,3,3,2,4,5,4,1,4,2,3,3,3,1,3,2}
cluesWithZeroes[78] = {0,0,0,0,0,0,4,5,4,5,3,0,0,0,3,0,4,5,0,1,4,0,0,3,3,0,3,2}
//GenerateTime[78]:156Ms(without Zero 55Ms); attempts:25
solutions[79] = {
{5,3,4,1,7,2,6},
{6,4,5,2,1,3,7},
{2,7,1,5,4,6,3},
{3,1,2,6,5,7,4},
{4,2,3,7,6,1,5},
{7,5,6,3,2,4,1},
{1,6,7,4,3,5,2}}
clues[79] = {3,3,4,5,1,4,2,2,1,3,2,3,4,3,3,2,3,2,1,2,2,3,1,2,3,2,2,2}
cluesWithZeroes[79] = {0,3,0,5,0,4,0,0,0,0,0,0,0,3,3,2,3,2,0,2,0,0,1,2,3,0,2,2}
//GenerateTime[79]:149Ms(without Zero 25Ms); attempts:12
solutions[80] = {
{5,6,7,1,3,2,4},
{2,3,4,5,7,6,1},
{3,4,5,6,1,7,2},
{6,7,1,2,4,3,5},
{4,5,6,7,2,1,3},
{7,1,2,3,5,4,6},
{1,2,3,4,6,5,7}}
clues[80] = {3,2,1,4,2,3,4,2,3,2,2,2,2,1,1,2,2,2,3,3,2,6,1,4,2,5,5,3}
cluesWithZeroes[80] = {0,0,0,0,0,0,0,0,3,0,0,0,0,0,0,2,2,0,0,0,0,6,0,4,2,5,5,3}
//GenerateTime[80]:159Ms(without Zero 25Ms); attempts:12
solutions[81] = {
{4,6,5,3,2,7,1},
{5,7,6,4,3,1,2},
{2,4,3,1,7,5,6},
{3,5,4,2,1,6,7},
{1,3,2,7,6,4,5},
{7,2,1,6,5,3,4},
{6,1,7,5,4,2,3}}
clues[81] = {3,2,3,3,3,1,4,2,5,2,1,3,4,4,4,5,4,3,1,5,2,2,1,3,4,3,2,3}
cluesWithZeroes[81] = {0,0,0,0,0,0,4,0,5,0,0,3,0,0,4,5,4,3,0,5,0,0,1,0,4,3,0,0}
//GenerateTime[81]:125Ms(without Zero 9Ms); attempts:5
solutions[82] = {
{2,3,1,7,6,5,4},
{7,1,6,5,4,3,2},
{4,5,3,2,1,7,6},
{5,6,4,3,2,1,7},
{3,4,2,1,7,6,5},
{6,7,5,4,3,2,1},
{1,2,7,6,5,4,3}}
clues[82] = {2,4,3,1,2,2,3,4,6,2,1,3,6,5,3,3,2,2,1,2,3,3,2,3,3,3,1,3}
cluesWithZeroes[82] = {0,0,0,0,0,0,0,4,6,0,0,3,6,0,3,3,2,2,0,0,0,3,0,3,3,3,1,3}
//GenerateTime[82]:126Ms(without Zero 3Ms); attempts:1
solutions[83] = {
{5,4,2,3,1,7,6},
{6,5,3,4,2,1,7},
{3,2,7,1,6,5,4},
{7,6,4,5,3,2,1},
{4,3,1,2,7,6,5},
{1,7,5,6,4,3,2},
{2,1,6,7,5,4,3}}
clues[83] = {3,4,3,5,4,1,2,2,1,4,6,3,5,4,3,3,2,1,2,2,3,3,2,2,1,2,2,2}
cluesWithZeroes[83] = {0,0,0,0,0,0,0,0,0,4,6,3,5,4,3,0,0,0,2,0,3,3,2,2,0,0,2,2}
//GenerateTime[83]:172Ms(without Zero 25Ms); attempts:12
solutions[84] = {
{3,5,4,6,2,7,1},
{4,6,5,7,3,1,2},
{5,7,6,1,4,2,3},
{6,1,7,2,5,3,4},
{7,2,1,3,6,4,5},
{2,4,3,5,1,6,7},
{1,3,2,4,7,5,6}}
clues[84] = {5,3,4,2,6,1,6,2,3,4,3,3,1,2,2,3,1,3,3,3,3,4,5,1,2,2,3,4}
cluesWithZeroes[84] = {5,0,4,0,6,0,6,0,0,0,0,0,0,0,0,3,0,0,0,3,3,4,5,0,0,0,0,4}
//GenerateTime[84]:135Ms(without Zero 45Ms); attempts:23
solutions[85] = {
{7,5,6,2,1,4,3},
{1,6,7,3,2,5,4},
{5,3,4,7,6,2,1},
{6,4,5,1,7,3,2},
{4,2,3,6,5,1,7},
{3,1,2,5,4,7,6},
{2,7,1,4,3,6,5}}
clues[85] = {1,3,2,3,4,3,3,4,3,4,3,1,2,3,3,2,4,4,5,1,5,2,3,3,2,2,3,1}
cluesWithZeroes[85] = {0,0,0,3,4,0,0,0,0,0,0,0,0,0,3,0,4,4,5,0,5,0,3,0,2,2,0,1}
//GenerateTime[85]:114Ms(without Zero 2Ms); attempts:1
solutions[86] = {
{3,4,7,2,1,6,5},
{2,3,6,1,7,5,4},
{5,6,2,4,3,1,7},
{1,2,5,7,6,4,3},
{4,5,1,3,2,7,6},
{7,1,4,6,5,3,2},
{6,7,3,5,4,2,1}}
clues[86] = {3,3,1,3,2,2,2,3,3,1,4,2,5,5,4,3,4,3,5,1,2,2,1,3,4,3,4,3}
cluesWithZeroes[86] = {0,3,0,0,0,0,0,3,3,0,4,0,5,0,4,3,4,3,5,0,0,0,0,0,4,3,4,3}
//GenerateTime[86]:93Ms(without Zero 1Ms); attempts:1
solutions[87] = {
{7,3,5,6,4,2,1},
{5,1,3,4,2,7,6},
{4,7,2,3,1,6,5},
{2,5,7,1,6,4,3},
{3,6,1,2,7,5,4},
{1,4,6,7,5,3,2},
{6,2,4,5,3,1,7}}
clues[87] = {1,2,2,2,3,2,3,5,2,3,4,3,4,1,1,5,3,2,3,4,2,2,4,3,3,2,2,1}
cluesWithZeroes[87] = {0,2,2,2,0,0,0,5,0,3,4,3,4,0,0,5,0,0,3,4,0,0,4,3,3,0,0,0}
//GenerateTime[87]:119Ms(without Zero 16Ms); attempts:7
solutions[88] = {
{1,7,6,5,3,4,2},
{6,5,4,3,1,2,7},
{2,1,7,6,4,5,3},
{3,2,1,7,5,6,4},
{7,6,5,4,2,3,1},
{5,4,3,2,7,1,6},
{4,3,2,1,6,7,5}}
clues[88] = {3,1,2,3,4,4,2,5,1,4,3,6,2,2,3,1,2,4,4,4,3,3,2,1,2,2,2,2}
cluesWithZeroes[88] = {0,0,0,0,0,0,0,5,0,4,3,0,0,0,3,0,2,4,4,4,0,3,2,0,2,2,2,2}
//GenerateTime[88]:100Ms(without Zero 2Ms); attempts:1
solutions[89] = {
{7,6,5,4,3,2,1},
{6,5,4,3,2,1,7},
{1,7,6,5,4,3,2},
{2,1,7,6,5,4,3},
{3,2,1,7,6,5,4},
{4,3,2,1,7,6,5},
{5,4,3,2,1,7,6}}
clues[89] = {1,2,3,4,5,6,2,7,1,6,5,4,3,2,2,1,2,2,2,2,3,2,2,2,2,2,2,1}
cluesWithZeroes[89] = {0,0,0,0,0,0,0,0,0,0,0,0,0,0,0,0,2,2,2,2,3,2,0,2,2,2,2,0}
//GenerateTime[89]:218Ms(without Zero 96Ms); attempts:46
solutions[90] = {
{3,2,6,5,7,4,1},
{4,3,7,6,1,5,2},
{5,4,1,7,2,6,3},
{7,6,3,2,4,1,5},
{1,7,4,3,5,2,6},
{2,1,5,4,6,3,7},
{6,5,2,1,3,7,4}}
clues[90] = {4,5,2,3,1,4,6,3,4,3,3,2,1,2,2,1,3,3,3,2,2,2,4,2,1,2,2,3}
cluesWithZeroes[90] = {0,5,0,0,0,4,6,3,0,0,0,2,0,0,0,1,3,0,0,2,0,2,4,0,0,2,2,0}
//GenerateTime[90]:169Ms(without Zero 42Ms); attempts:17
solutions[91] = {
{7,6,2,1,3,4,5},
{3,2,5,4,6,7,1},
{4,3,6,5,7,1,2},
{1,7,3,2,4,5,6},
{6,5,1,7,2,3,4},
{5,4,7,6,1,2,3},
{2,1,4,3,5,6,7}}
clues[91] = {1,2,4,4,3,2,3,3,2,2,2,2,3,1,1,2,2,3,2,4,4,5,2,2,2,3,4,1}
cluesWithZeroes[91] = {0,0,4,0,0,0,0,3,2,2,2,2,3,0,0,2,2,0,0,4,0,5,2,2,0,3,4,1}
//GenerateTime[91]:131Ms(without Zero 30Ms); attempts:13
solutions[92] = {
{7,6,4,2,5,1,3},
{2,1,6,4,7,3,5},
{1,7,5,3,6,2,4},
{3,2,7,5,1,4,6},
{4,3,1,6,2,5,7},
{5,4,2,7,3,6,1},
{6,5,3,1,4,7,2}}
clues[92] = {1,2,3,5,2,6,4,4,2,3,2,1,3,2,2,1,3,2,2,2,2,2,2,3,2,2,3,1}
cluesWithZeroes[92] = {0,2,0,5,0,6,0,0,0,0,2,0,0,0,2,0,3,0,2,0,2,0,2,3,2,2,3,0}
//GenerateTime[92]:111Ms(without Zero 8Ms); attempts:4
solutions[93] = {
{7,1,6,3,4,2,5},
{2,3,1,5,6,4,7},
{1,2,7,4,5,3,6},
{6,7,5,2,3,1,4},
{5,6,4,1,2,7,3},
{4,5,3,7,1,6,2},
{3,4,2,6,7,5,1}}
clues[93] = {1,3,2,3,3,3,2,3,1,2,3,2,3,3,6,3,1,2,5,4,5,4,3,3,2,3,5,1}
cluesWithZeroes[93] = {0,0,0,0,0,0,0,0,0,0,0,0,0,0,6,3,0,0,5,4,0,4,0,0,0,3,5,1}
//GenerateTime[93]:126Ms(without Zero 13Ms); attempts:5
solutions[94] = {
{5,3,4,2,1,7,6},
{1,6,7,5,4,3,2},
{2,7,1,6,5,4,3},
{3,1,2,7,6,5,4},
{6,4,5,3,2,1,7},
{4,2,3,1,7,6,5},
{7,5,6,4,3,2,1}}
clues[94] = {3,3,2,4,5,1,2,2,5,5,4,1,3,6,3,3,2,2,2,2,1,1,2,2,2,2,3,2}
cluesWithZeroes[94] = {0,0,0,0,0,0,0,0,5,5,0,1,0,6,0,0,2,2,2,0,0,0,2,2,2,2,3,2}
//GenerateTime[94]:114Ms(without Zero 5Ms); attempts:3
solutions[95] = {
{5,6,7,2,3,1,4},
{2,3,4,6,7,5,1},
{7,1,2,4,5,3,6},
{6,7,1,3,4,2,5},
{3,4,5,7,1,6,2},
{4,5,6,1,2,7,3},
{1,2,3,5,6,4,7}}
clues[95] = {2,2,1,3,2,4,3,2,3,2,2,3,2,1,1,2,2,2,3,3,4,6,4,4,2,1,5,3}
cluesWithZeroes[95] = {0,0,0,0,0,0,0,2,3,0,2,3,0,0,0,2,2,2,0,3,4,6,4,4,0,1,5,3}
//GenerateTime[95]:152Ms(without Zero 54Ms); attempts:28
solutions[96] = {
{4,1,3,2,7,6,5},
{2,6,1,7,5,4,3},
{7,4,6,5,3,2,1},
{1,5,7,6,4,3,2},
{3,7,2,1,6,5,4},
{5,2,4,3,1,7,6},
{6,3,5,4,2,1,7}}
clues[96] = {2,3,3,2,1,2,3,3,4,6,5,4,2,1,1,2,3,3,2,2,2,2,2,2,3,1,3,2}
cluesWithZeroes[96] = {0,0,3,0,0,0,0,0,4,6,5,0,2,0,0,0,3,3,2,2,2,2,2,2,3,0,3,2}
//GenerateTime[96]:112Ms(without Zero 3Ms); attempts:1
solutions[97] = {
{1,2,3,4,7,6,5},
{5,6,7,1,4,3,2},
{2,3,4,5,1,7,6},
{4,5,6,7,3,2,1},
{6,7,1,2,5,4,3},
{3,4,5,6,2,1,7},
{7,1,2,3,6,5,4}}
clues[97] = {4,3,2,3,1,2,3,3,4,2,4,4,1,4,2,2,2,3,4,3,1,1,5,2,4,5,3,5}
cluesWithZeroes[97] = {0,0,0,0,0,0,0,0,0,0,4,4,0,4,2,2,0,3,0,0,0,0,5,0,4,5,3,5}
//GenerateTime[97]:131Ms(without Zero 22Ms); attempts:12
solutions[98] = {
{1,2,3,6,4,5,7},
{7,1,2,5,3,4,6},
{6,7,1,4,2,3,5},
{5,6,7,3,1,2,4},
{2,3,4,7,5,6,1},
{4,5,6,2,7,1,3},
{3,4,5,1,6,7,2}}
clues[98] = {2,2,2,2,3,3,1,1,2,2,2,3,2,2,6,1,2,3,3,4,5,5,4,4,3,2,1,5}
cluesWithZeroes[98] = {0,0,0,0,0,3,0,0,0,0,2,0,2,0,6,0,2,3,0,0,0,5,4,4,3,0,0,5}
//GenerateTime[98]:133Ms(without Zero 19Ms); attempts:9
solutions[99] = {
{1,3,4,7,6,5,2},
{6,1,2,5,4,3,7},
{7,2,3,6,5,4,1},
{4,6,7,3,2,1,5},
{5,7,1,4,3,2,6},
{3,5,6,2,1,7,4},
{2,4,5,1,7,6,3}}
clues[99] = {3,3,2,1,2,2,2,4,1,5,2,2,2,3,4,2,1,5,3,3,4,4,4,2,3,1,2,4}
cluesWithZeroes[99] = {0,3,0,0,0,0,0,4,0,5,2,0,0,0,4,0,0,5,0,3,4,4,4,0,3,0,2,4}
//GenerateTime[99]:117Ms(without Zero 7Ms); attempts:4